67
25
10
22 65 44 46 63 66 27 48 64 47
15904
93
0 5 116 1146
0 4 169 1318
0 3 131 918
0 6 152 1252
1 4 118 1147
1 5 100 746
1 7 131 1187
1 3 167 1383
1 6 124 1200
2 3 41 436
2 6 120 1068
2 5 127 918
2 4 154 1284
2 7 135 1170
2 8 59 692
3 7 135 1079
3 6 168 1498
3 5 158 1323
3 19 52 572
4 5 42 466
4 34 63 790
5 6 136 1331
5 7 102 851
5 42 65 607
6 7 39 503
6 51 68 526
7 59 49 491
8 9 69 627
9 10 58 541
9 20 27 308
10 11 42 458
10 23 28 415
11 12 90 940
11 24 32 403
12 13 78 776
12 27 46 525
13 14 73 710
13 28 25 298
14 15 62 743
15 16 43 507
15 31 29 395
16 17 55 586
17 18 56 512
17 32 20 280
18 19 27 459
18 33 46 465
20 21 33 360
21 22 44 620
22 23 36 310
24 25 41 527
25 26 30 526
26 27 42 475
28 29 32 380
29 30 35 457
30 31 30 403
32 33 50 664
34 35 75 705
34 43 30 407
35 36 69 670
35 45 41 365
36 37 68 744
37 38 74 796
37 46 34 437
38 39 39 375
39 40 68 700
40 41 47 594
40 48 28 317
41 42 61 577
41 49 35 395
42 50 33 462
43 44 29 480
44 45 44 455
46 47 25 379
47 48 50 549
49 50 29 454
51 52 78 848
51 60 28 338
52 53 66 582
53 54 37 443
53 62 41 493
54 55 57 649
55 56 67 549
55 63 42 458
56 57 54 653
56 64 27 390
57 58 61 774
58 59 30 463
58 65 26 324
59 66 27 397
60 61 43 576
61 62 39 472
63 64 30 393
65 66 22 385
