269
57
5
170 32 181 190 172
33408
316
0 7 125 1214
0 5 116 833
0 2 168 1446
0 8 126 1130
1 6 176 1272
1 3 186 1519
1 4 161 1494
1 9 164 1454
2 3 44 533
2 5 176 1551
2 6 142 1067
2 9 111 1118
2 7 180 1491
2 10 20 328
3 4 112 1088
3 9 164 1313
3 5 160 1377
3 27 83 644
4 5 38 505
4 9 138 1158
4 66 66 638
5 7 139 1251
5 8 130 1091
5 9 154 1473
5 89 92 877
6 7 39 435
6 9 182 1502
6 147 58 663
7 9 135 1263
7 8 200 1650
7 164 57 623
8 9 43 474
8 205 57 569
9 225 29 364
10 11 36 516
11 12 63 589
12 13 70 761
12 28 27 539
13 14 38 481
14 15 59 605
14 32 47 511
15 16 56 569
15 33 39 277
16 17 67 795
16 36 29 389
17 18 58 609
17 37 20 380
18 19 32 388
18 40 43 564
19 20 61 676
20 21 72 758
20 41 43 440
21 22 49 545
21 47 28 380
22 23 60 748
23 24 51 586
23 48 24 393
24 25 20 270
24 57 34 428
25 26 48 572
26 27 71 639
26 58 28 373
27 65 33 448
28 29 32 435
29 30 35 533
30 31 38 520
31 32 29 350
33 34 35 527
34 35 23 362
35 36 28 355
37 38 37 483
38 39 33 468
39 40 32 349
41 42 44 423
42 43 40 522
43 44 30 383
44 45 44 459
45 46 27 396
46 47 39 407
48 49 31 435
49 50 30 408
50 51 38 480
51 52 50 492
52 53 43 578
53 54 36 356
54 55 37 450
55 56 36 373
56 57 43 470
58 59 42 507
59 60 37 429
60 61 26 389
61 62 36 477
62 63 39 387
63 64 37 425
64 65 40 505
66 67 70 556
67 68 64 713
67 90 44 427
68 69 72 785
68 98 47 588
69 70 42 344
69 99 42 488
70 71 49 415
70 106 38 471
71 72 82 689
71 107 31 424
72 73 51 535
72 113 39 434
73 74 39 481
74 75 93 1013
74 114 31 357
75 76 93 895
76 77 45 528
77 78 73 789
77 118 39 492
78 79 53 564
79 80 90 874
79 119 23 409
80 81 87 977
80 126 28 341
81 82 60 627
81 127 40 427
82 83 82 888
83 84 30 394
84 85 59 646
84 135 36 403
85 86 56 576
85 136 33 359
86 87 40 479
86 137 35 448
87 88 81 845
87 138 37 377
88 89 74 710
88 146 39 533
90 91 33 420
91 92 38 453
92 93 22 342
93 94 33 409
94 95 33 392
95 96 24 333
96 97 37 449
97 98 41 490
99 100 39 446
100 101 34 410
101 102 35 473
102 103 25 357
103 104 40 496
104 105 20 367
105 106 29 404
107 108 45 539
108 109 31 462
109 110 43 543
110 111 42 446
111 112 43 589
112 113 38 447
114 115 35 447
115 116 43 507
116 117 43 467
117 118 27 367
119 120 22 402
120 121 32 516
121 122 36 407
122 123 34 391
123 124 38 516
124 125 33 432
125 126 41 548
127 128 31 352
128 129 34 446
129 130 43 404
130 131 41 396
131 132 36 451
132 133 38 561
133 134 39 440
134 135 37 454
136 137 38 525
138 139 35 588
139 140 38 401
140 141 33 366
141 142 40 507
142 143 40 395
143 144 33 377
144 145 32 372
145 146 40 617
147 148 58 560
148 149 63 623
148 165 30 420
149 150 47 450
149 170 27 221
150 151 49 557
150 171 47 499
151 152 95 788
152 153 72 725
152 177 38 438
153 154 42 594
154 155 29 334
155 156 96 860
155 178 37 520
156 157 67 575
156 187 35 405
157 158 82 771
158 159 64 581
158 188 30 456
159 160 81 747
159 197 36 340
160 161 100 956
160 198 20 264
161 162 66 561
161 201 31 499
162 163 79 694
162 202 44 576
163 164 73 697
164 204 32 457
165 166 45 452
166 167 39 527
167 168 27 323
168 169 36 381
169 170 28 316
171 172 48 616
172 173 32 362
173 174 21 296
174 175 48 623
175 176 36 552
176 177 31 384
178 179 45 458
179 180 44 479
180 181 41 396
181 182 20 390
182 183 33 448
183 184 23 401
184 185 31 454
185 186 36 493
186 187 29 326
188 189 36 498
189 190 33 469
190 191 47 516
191 192 20 265
192 193 26 417
193 194 40 416
194 195 40 457
195 196 26 405
196 197 37 328
198 199 38 475
199 200 28 404
200 201 50 556
202 203 36 461
203 204 32 452
205 206 48 558
205 226 34 472
206 207 84 673
207 208 100 980
207 232 20 253
208 209 65 615
208 233 43 501
209 210 48 586
210 211 31 445
210 240 30 460
211 212 66 539
211 241 29 419
212 213 50 440
212 242 28 365
213 214 71 695
213 243 42 482
214 215 41 452
215 216 58 595
216 217 68 765
216 248 20 363
217 218 47 521
217 249 24 321
218 219 63 634
218 252 33 535
219 220 76 630
220 221 42 524
220 253 30 339
221 222 35 427
222 223 55 658
223 224 83 801
223 258 27 351
224 225 78 710
224 259 21 348
225 268 36 372
226 227 25 376
227 228 29 363
228 229 38 399
229 230 42 497
230 231 39 458
231 232 30 463
233 234 48 653
234 235 43 517
235 236 22 270
236 237 41 455
237 238 44 402
238 239 49 451
239 240 40 364
241 242 37 437
243 244 40 488
244 245 33 412
245 246 32 519
246 247 42 488
247 248 48 569
249 250 45 561
250 251 29 424
251 252 26 465
253 254 37 429
254 255 33 403
255 256 27 402
256 257 43 531
257 258 42 488
259 260 33 355
260 261 31 509
261 262 32 353
262 263 50 669
263 264 42 513
264 265 39 613
265 266 34 404
266 267 27 300
267 268 34 428
