669
503
10
621 347 87 338 626 199 403 95 200 623
39574
759
0 7 193 1533
0 12 100 1098
1 4 100 1063
1 5 129 1043
1 12 121 965
2 3 34 485
2 11 116 1077
2 7 100 862
2 15 164 1197
2 5 158 1162
2 6 161 1515
2 18 84 771
3 7 173 1411
3 38 32 425
4 5 30 364
4 12 165 1513
4 10 137 1061
4 100 66 609
5 13 153 1098
5 16 138 1221
5 12 158 1375
5 10 137 993
5 114 99 857
6 7 39 544
6 9 177 1490
6 17 100 758
6 159 22 341
7 14 175 1557
7 12 147 1201
7 10 129 1160
7 13 151 1290
7 182 68 651
8 9 42 460
8 14 122 1248
8 16 165 1285
8 13 126 879
8 257 80 636
9 13 199 1519
9 16 151 1289
9 12 141 1338
9 11 182 1542
9 280 73 610
10 11 33 393
10 16 192 1811
10 15 179 1448
10 12 139 1359
10 17 133 998
10 354 70 757
11 17 175 1567
11 14 167 1526
11 368 21 312
12 13 49 523
12 417 75 790
13 14 106 739
13 440 95 845
14 15 48 529
14 17 117 1170
14 512 54 596
15 532 64 623
16 17 46 484
16 597 20 327
17 614 85 729
18 19 42 476
18 39 43 421
19 20 50 530
20 21 58 702
21 22 74 789
22 23 72 674
23 24 44 580
23 47 37 455
24 25 45 467
24 48 33 559
25 26 20 378
25 56 46 308
26 27 56 576
26 57 25 273
27 28 34 506
27 64 30 469
28 29 79 741
28 65 45 597
29 30 39 466
29 73 29 378
30 31 70 810
31 32 81 723
31 74 32 475
32 33 60 599
33 34 30 440
33 82 50 503
34 35 20 315
35 36 51 470
35 83 44 529
36 37 20 405
36 91 38 437
37 38 62 695
37 92 30 431
38 99 32 382
39 40 41 469
40 41 33 387
41 42 28 331
42 43 20 363
43 44 26 444
44 45 42 427
45 46 29 376
46 47 39 566
48 49 30 376
49 50 47 613
50 51 41 427
51 52 41 402
52 53 22 326
53 54 36 513
54 55 31 444
55 56 29 489
57 58 34 375
58 59 29 448
59 60 40 479
60 61 41 506
61 62 20 424
62 63 50 580
63 64 27 352
65 66 32 451
66 67 38 427
67 68 29 469
68 69 42 523
69 70 31 499
70 71 46 438
71 72 25 358
72 73 27 402
74 75 30 349
75 76 41 511
76 77 38 571
77 78 30 427
78 79 33 376
79 80 26 311
80 81 46 499
81 82 38 482
83 84 40 356
84 85 43 373
85 86 36 424
86 87 33 307
87 88 45 540
88 89 37 429
89 90 27 461
90 91 44 484
92 93 30 381
93 94 33 446
94 95 29 452
95 96 38 527
96 97 25 410
97 98 32 418
98 99 29 342
100 101 77 665
100 115 26 373
101 102 70 752
101 123 40 563
102 103 45 503
102 124 42 519
103 104 20 338
103 132 48 592
104 105 37 571
104 133 34 453
105 106 55 702
105 142 27 380
106 107 100 904
106 143 32 383
107 108 46 527
107 150 24 367
108 109 57 687
108 151 22 465
109 110 58 619
110 111 82 789
111 112 72 731
112 113 100 798
113 114 41 495
114 158 36 413
115 116 30 423
116 117 39 484
117 118 36 400
118 119 35 480
119 120 39 497
120 121 37 481
121 122 41 449
122 123 30 367
124 125 38 622
125 126 47 474
126 127 36 449
127 128 43 592
128 129 39 524
129 130 44 489
130 131 37 485
131 132 33 368
133 134 40 451
134 135 43 544
135 136 32 336
136 137 24 342
137 138 28 372
138 139 37 565
139 140 43 533
140 141 42 532
141 142 24 312
143 144 35 503
144 145 34 496
145 146 27 375
146 147 49 563
147 148 27 269
148 149 39 436
149 150 41 623
151 152 40 394
152 153 37 426
153 154 37 403
154 155 33 514
155 156 41 534
156 157 40 524
157 158 35 427
159 160 80 664
159 183 39 505
160 161 75 742
160 191 39 540
161 162 44 618
161 192 42 457
162 163 57 704
162 201 26 360
163 164 53 586
163 202 30 382
164 165 87 876
164 209 39 438
165 166 21 239
166 167 72 638
167 168 77 799
168 169 30 403
168 210 25 388
169 170 33 442
169 217 31 432
170 171 53 614
171 172 36 378
172 173 51 498
173 174 70 747
173 218 34 498
174 175 38 476
175 176 60 667
175 226 35 507
176 177 35 431
176 227 39 513
177 178 75 597
177 236 43 592
178 179 46 544
178 237 29 380
179 180 58 620
179 246 22 266
180 181 33 490
180 247 20 427
181 182 61 628
182 256 42 513
183 184 31 404
184 185 43 529
185 186 37 431
186 187 33 476
187 188 26 404
188 189 33 465
189 190 31 404
190 191 33 459
192 193 24 433
193 194 35 469
194 195 46 478
195 196 38 384
196 197 33 392
197 198 43 559
198 199 43 501
199 200 49 663
200 201 48 454
202 203 42 531
203 204 29 408
204 205 28 377
205 206 30 360
206 207 34 400
207 208 34 467
208 209 40 601
210 211 37 280
211 212 27 398
212 213 39 396
213 214 23 357
214 215 20 365
215 216 41 319
216 217 38 486
218 219 28 374
219 220 27 498
220 221 30 426
221 222 35 395
222 223 41 523
223 224 28 475
224 225 36 484
225 226 29 451
227 228 31 390
228 229 50 575
229 230 29 457
230 231 42 393
231 232 26 433
232 233 43 394
233 234 41 458
234 235 31 434
235 236 35 542
237 238 29 411
238 239 44 571
239 240 37 340
240 241 38 371
241 242 27 378
242 243 35 514
243 244 28 387
244 245 35 415
245 246 36 382
247 248 34 392
248 249 37 400
249 250 30 417
250 251 29 336
251 252 32 433
252 253 28 358
253 254 47 376
254 255 38 427
255 256 32 529
257 258 48 603
257 281 23 319
258 259 100 820
258 288 29 322
259 260 74 669
260 261 74 681
260 289 40 447
261 262 94 872
262 263 54 678
263 264 72 779
263 298 38 455
264 265 98 796
265 266 75 626
266 267 53 570
267 268 47 556
267 299 39 499
268 269 58 533
268 308 32 432
269 270 100 1076
269 309 21 343
270 271 100 887
270 317 39 518
271 272 46 453
272 273 57 557
272 318 38 393
273 274 78 689
273 326 50 604
274 275 52 466
275 276 50 560
275 327 35 406
276 277 54 607
276 335 50 527
277 278 69 657
277 336 28 350
278 279 72 617
278 345 36 443
279 280 38 510
279 346 26 438
280 353 24 310
281 282 33 436
282 283 26 431
283 284 25 330
284 285 39 503
285 286 38 449
286 287 41 382
287 288 39 379
289 290 45 457
290 291 33 422
291 292 39 506
292 293 46 400
293 294 39 450
294 295 33 346
295 296 39 464
296 297 37 334
297 298 37 534
299 300 23 338
300 301 24 433
301 302 30 378
302 303 43 573
303 304 47 571
304 305 34 461
305 306 29 364
306 307 42 456
307 308 33 393
309 310 29 421
310 311 36 408
311 312 31 293
312 313 38 596
313 314 22 435
314 315 27 332
315 316 28 360
316 317 47 592
318 319 20 285
319 320 36 480
320 321 29 297
321 322 31 490
322 323 33 352
323 324 46 425
324 325 33 455
325 326 38 574
327 328 35 358
328 329 30 426
329 330 29 488
330 331 31 422
331 332 41 476
332 333 39 549
333 334 42 480
334 335 35 494
336 337 23 422
337 338 42 523
338 339 38 479
339 340 44 401
340 341 24 487
341 342 38 428
342 343 28 490
343 344 38 482
344 345 33 403
346 347 24 461
347 348 33 482
348 349 27 368
349 350 31 369
350 351 30 403
351 352 31 356
352 353 31 394
354 355 75 881
355 356 73 546
355 369 29 491
356 357 42 471
356 378 40 504
357 358 91 825
358 359 38 452
358 379 42 370
359 360 100 860
359 387 34 372
360 361 58 578
360 388 37 463
361 362 63 664
361 396 26 329
362 363 58 460
362 397 41 491
363 364 81 880
364 365 50 538
365 366 59 590
365 406 29 381
366 367 77 789
366 407 32 421
367 368 49 535
367 416 37 513
369 370 27 422
370 371 33 407
371 372 39 449
372 373 34 432
373 374 49 567
374 375 50 572
375 376 21 283
376 377 42 466
377 378 30 446
379 380 39 426
380 381 36 432
381 382 40 385
382 383 24 369
383 384 38 491
384 385 34 384
385 386 31 434
386 387 36 358
388 389 32 486
389 390 33 387
390 391 23 435
391 392 36 482
392 393 43 582
393 394 34 461
394 395 42 481
395 396 42 467
397 398 33 512
398 399 41 540
399 400 23 383
400 401 36 511
401 402 31 341
402 403 25 314
403 404 48 508
404 405 30 455
405 406 20 315
407 408 39 482
408 409 37 490
409 410 44 524
410 411 34 421
411 412 39 576
412 413 42 448
413 414 39 409
414 415 45 470
415 416 40 507
417 418 56 703
417 441 26 373
418 419 45 592
419 420 40 563
419 448 30 413
420 421 75 575
421 422 48 460
422 423 68 654
422 449 36 388
423 424 51 576
423 457 34 436
424 425 80 853
424 458 29 465
425 426 46 399
425 466 32 439
426 427 68 672
426 467 35 465
427 428 51 661
427 474 43 481
428 429 54 619
428 475 39 470
429 430 20 368
429 483 37 409
430 431 79 854
430 484 36 504
431 432 54 619
432 433 57 631
432 493 29 455
433 434 52 632
433 494 35 439
434 435 74 789
435 436 32 472
436 437 62 569
437 438 58 601
437 502 31 443
438 439 45 485
439 440 24 406
439 503 41 467
440 511 40 516
441 442 44 647
442 443 45 530
443 444 32 346
444 445 25 394
445 446 27 426
446 447 23 374
447 448 32 454
449 450 41 503
450 451 45 572
451 452 37 456
452 453 27 341
453 454 36 528
454 455 36 408
455 456 40 375
456 457 42 400
458 459 40 314
459 460 41 499
460 461 33 460
461 462 27 426
462 463 31 344
463 464 28 361
464 465 34 518
465 466 33 464
467 468 36 492
468 469 41 525
469 470 41 498
470 471 30 476
471 472 20 343
472 473 40 478
473 474 42 608
475 476 27 397
476 477 41 521
477 478 43 423
478 479 23 396
479 480 40 464
480 481 33 473
481 482 39 471
482 483 32 450
484 485 27 521
485 486 20 402
486 487 25 322
487 488 20 368
488 489 31 464
489 490 40 459
490 491 41 615
491 492 32 429
492 493 31 447
494 495 45 414
495 496 30 458
496 497 47 528
497 498 29 426
498 499 39 380
499 500 28 327
500 501 28 350
501 502 33 360
503 504 27 340
504 505 34 532
505 506 50 623
506 507 42 394
507 508 31 412
508 509 31 318
509 510 29 433
510 511 27 381
512 513 65 578
512 533 37 527
513 514 60 682
513 541 36 438
514 515 45 437
515 516 61 619
515 542 37 399
516 517 79 791
516 551 23 385
517 518 80 668
517 552 37 534
518 519 58 669
519 520 41 576
520 521 59 601
521 522 64 772
521 560 45 508
522 523 52 570
522 561 43 545
523 524 62 672
524 525 80 796
524 568 40 537
525 526 47 425
526 527 69 753
527 528 46 498
527 569 43 538
528 529 50 543
528 577 33 438
529 530 72 612
529 578 34 385
530 531 20 332
530 586 38 497
531 532 82 819
531 587 31 385
532 596 33 456
533 534 41 474
534 535 32 363
535 536 30 385
536 537 44 459
537 538 50 631
538 539 38 420
539 540 38 504
540 541 37 557
542 543 30 401
543 544 32 435
544 545 44 512
545 546 39 340
546 547 25 360
547 548 33 434
548 549 37 566
549 550 33 422
550 551 30 357
552 553 50 584
553 554 34 407
554 555 42 503
555 556 29 500
556 557 46 501
557 558 34 454
558 559 38 402
559 560 32 424
561 562 47 450
562 563 43 565
563 564 26 461
564 565 45 469
565 566 33 442
566 567 45 658
567 568 30 301
569 570 41 527
570 571 32 337
571 572 32 410
572 573 32 407
573 574 33 304
574 575 32 408
575 576 22 401
576 577 25 290
578 579 41 511
579 580 32 408
580 581 36 528
581 582 46 482
582 583 44 407
583 584 41 574
584 585 38 532
585 586 38 497
587 588 39 432
588 589 42 582
589 590 33 363
590 591 38 448
591 592 33 441
592 593 28 384
593 594 41 539
594 595 42 515
595 596 33 415
597 598 27 438
597 615 38 443
598 599 75 709
599 600 56 539
599 622 33 480
600 601 84 957
601 602 69 746
602 603 60 682
602 623 36 437
603 604 76 853
604 605 57 573
604 632 27 364
605 606 47 517
605 633 24 353
606 607 29 429
606 640 28 474
607 608 53 541
607 641 37 492
608 609 95 872
609 610 73 582
609 649 29 354
610 611 40 409
611 612 57 663
611 650 48 424
612 613 46 509
612 659 37 489
613 614 60 508
613 660 24 332
614 668 41 510
615 616 46 497
616 617 45 351
617 618 46 514
618 619 35 427
619 620 31 428
620 621 47 520
621 622 40 482
623 624 33 441
624 625 38 537
625 626 34 539
626 627 33 486
627 628 31 456
628 629 22 491
629 630 36 484
630 631 40 464
631 632 31 448
633 634 39 536
634 635 28 351
635 636 22 342
636 637 45 544
637 638 27 387
638 639 42 450
639 640 44 554
641 642 27 456
642 643 28 409
643 644 33 335
644 645 30 373
645 646 28 406
646 647 20 488
647 648 40 462
648 649 45 432
650 651 37 513
651 652 26 381
652 653 40 534
653 654 38 484
654 655 36 421
655 656 34 409
656 657 31 374
657 658 41 616
658 659 48 442
660 661 39 486
661 662 35 388
662 663 20 397
663 664 34 431
664 665 38 533
665 666 36 446
666 667 36 380
667 668 39 562
