3972
3536
20
2641 514 346 257 2823 311 3337 3861 3947 1239 1825 894 2020 3467 3792 3509 3537 770 2002 2837
60527
4260
0 19 123 1089
0 17 144 1187
0 6 161 1380
1 29 156 1242
1 5 124 899
1 39 139 1277
1 21 118 918
1 41 177 1244
1 40 192 1586
2 3 30 486
2 33 150 1318
2 12 138 1058
2 28 155 1556
2 5 106 834
2 7 100 940
2 35 137 1029
2 42 51 585
3 17 188 1296
3 30 173 1212
3 65 27 394
4 5 36 434
4 33 166 1443
4 22 153 1201
4 13 163 1224
4 40 141 1293
4 32 130 1073
4 17 110 971
4 214 25 425
5 31 148 1416
5 24 120 1066
5 26 200 1628
5 17 113 1095
5 19 170 1410
5 243 82 688
6 7 33 472
6 40 153 1314
6 9 134 1132
6 25 180 1395
6 14 164 1366
6 23 184 1572
6 429 68 598
7 28 145 1366
7 18 175 1586
7 31 166 1484
7 455 79 846
8 9 43 605
8 32 130 1273
8 26 179 1564
8 25 133 1116
8 15 101 837
8 614 63 742
9 22 163 1344
9 17 146 1287
9 637 58 683
10 11 33 508
10 29 106 1143
10 41 200 1456
10 790 58 730
11 30 100 969
11 27 160 1505
11 24 132 1177
11 13 157 1222
11 39 159 1158
11 33 151 1024
11 37 104 952
11 819 36 514
12 13 43 487
12 20 119 1003
12 30 136 974
12 16 154 1432
12 23 133 1029
12 24 198 1737
12 1006 100 686
13 15 159 1106
13 32 169 1549
13 38 125 923
13 22 174 1220
13 1029 50 559
14 15 33 394
14 18 175 1199
14 37 150 1418
14 1178 56 530
15 31 175 1219
15 26 133 1184
15 16 114 1095
15 24 151 1340
15 35 173 1413
15 1204 60 581
16 17 41 415
16 18 169 1341
16 26 172 1365
16 30 162 1515
16 36 114 894
16 1368 57 646
17 36 139 1323
17 23 157 1198
17 1397 78 677
18 19 36 344
18 21 102 783
18 35 129 1019
18 41 118 823
18 39 127 995
18 1579 43 533
19 36 109 1062
19 37 163 1330
19 39 121 1029
19 1605 68 650
20 21 45 542
20 24 156 1366
20 32 160 1121
20 26 161 1162
20 33 161 1218
20 29 112 1193
20 25 186 1690
20 1773 65 639
21 39 146 1080
21 33 136 1143
21 41 176 1238
21 1796 100 900
22 23 41 441
22 25 148 1306
22 1943 65 649
23 35 124 1005
23 1972 83 627
24 25 41 460
24 29 135 1299
24 38 127 905
24 2159 97 784
25 32 167 1374
25 38 175 1220
25 26 183 1687
25 2182 27 368
26 27 36 490
26 37 102 946
26 2326 57 639
27 2355 71 706
28 29 38 559
28 32 172 1193
28 2539 29 455
29 36 148 1081
29 2568 86 689
30 31 37 439
30 39 136 1060
30 2752 37 358
31 2778 59 626
32 33 38 510
32 41 109 978
32 2947 47 564
33 40 144 1093
33 35 117 966
33 2973 63 587
34 35 41 416
34 41 141 1231
34 37 142 1255
34 3143 82 827
35 36 130 1071
35 3172 63 712
36 37 36 461
36 39 155 1490
36 3360 39 517
37 3389 64 817
38 39 33 401
38 3578 81 564
39 3607 52 545
40 41 35 319
40 3796 59 662
41 3819 62 599
42 43 52 640
42 66 33 444
43 44 39 464
44 45 67 690
44 82 20 272
45 46 54 607
46 47 38 381
46 83 39 522
47 48 41 581
48 49 76 630
49 50 60 717
49 99 33 426
50 51 95 869
50 100 29 444
51 52 20 349
51 118 36 429
52 53 83 822
53 54 87 838
53 119 23 265
54 55 69 679
54 137 43 514
55 56 84 738
56 57 67 607
56 138 35 304
57 58 39 499
57 156 24 435
58 59 40 547
59 60 86 649
59 157 38 434
60 61 76 750
61 62 56 637
61 176 38 505
62 63 62 598
62 177 44 536
63 64 81 700
63 194 41 625
64 65 54 628
64 195 50 484
65 213 26 407
66 67 22 326
67 68 36 444
68 69 43 453
69 70 32 506
70 71 31 432
71 72 24 513
72 73 38 542
73 74 47 504
74 75 25 313
75 76 32 383
76 77 46 507
77 78 36 355
78 79 43 402
79 80 41 469
80 81 49 609
81 82 30 409
83 84 42 530
84 85 31 456
85 86 20 312
86 87 35 343
87 88 21 361
88 89 37 503
89 90 36 467
90 91 35 424
91 92 30 468
92 93 36 453
93 94 34 469
94 95 30 308
95 96 33 428
96 97 41 549
97 98 21 424
98 99 32 395
100 101 43 474
101 102 47 601
102 103 44 515
103 104 32 456
104 105 42 547
105 106 43 604
106 107 21 437
107 108 28 392
108 109 35 429
109 110 43 527
110 111 50 680
111 112 33 409
112 113 33 384
113 114 43 584
114 115 33 499
115 116 38 443
116 117 32 370
117 118 42 469
119 120 33 476
120 121 35 489
121 122 28 295
122 123 39 471
123 124 37 514
124 125 37 457
125 126 33 402
126 127 34 339
127 128 49 631
128 129 42 433
129 130 40 521
130 131 35 552
131 132 43 503
132 133 40 506
133 134 22 380
134 135 36 499
135 136 44 561
136 137 28 422
138 139 43 516
139 140 40 500
140 141 27 396
141 142 36 411
142 143 36 350
143 144 39 511
144 145 42 520
145 146 35 351
146 147 33 398
147 148 33 411
148 149 20 309
149 150 29 452
150 151 33 389
151 152 47 498
152 153 39 535
153 154 34 385
154 155 29 367
155 156 30 469
157 158 38 332
158 159 34 414
159 160 27 478
160 161 35 401
161 162 35 427
162 163 48 576
163 164 43 519
164 165 37 560
165 166 32 448
166 167 26 330
167 168 36 314
168 169 33 350
169 170 33 408
170 171 38 507
171 172 28 474
172 173 36 511
173 174 31 440
174 175 33 462
175 176 39 523
177 178 39 532
178 179 25 395
179 180 40 463
180 181 42 481
181 182 20 296
182 183 24 443
183 184 36 403
184 185 48 596
185 186 41 505
186 187 30 532
187 188 31 314
188 189 34 472
189 190 26 413
190 191 42 446
191 192 33 427
192 193 20 304
193 194 23 320
195 196 46 592
196 197 28 396
197 198 39 546
198 199 30 371
199 200 34 435
200 201 43 484
201 202 39 595
202 203 20 313
203 204 40 450
204 205 28 425
205 206 39 484
206 207 29 356
207 208 31 400
208 209 38 531
209 210 29 401
210 211 35 457
211 212 20 282
212 213 42 531
214 215 76 692
214 244 33 436
215 216 52 605
216 217 84 824
216 262 25 433
217 218 62 567
217 263 36 473
218 219 88 735
218 279 30 449
219 220 98 818
220 221 45 565
220 280 42 517
221 222 85 767
222 223 31 379
222 297 48 427
223 224 65 686
223 298 34 474
224 225 72 600
225 226 73 753
225 315 34 455
226 227 59 692
226 316 40 403
227 228 65 813
227 334 42 482
228 229 49 621
228 335 21 411
229 230 90 781
230 231 91 903
230 354 36 533
231 232 85 772
231 355 45 442
232 233 28 355
233 234 50 560
233 371 49 599
234 235 69 737
235 236 62 684
236 237 78 602
236 372 27 411
237 238 41 468
237 390 33 484
238 239 100 914
238 391 31 424
239 240 35 385
239 408 28 357
240 241 100 905
241 242 62 792
241 409 39 452
242 243 45 596
243 428 42 577
244 245 34 421
245 246 31 360
246 247 49 603
247 248 28 387
248 249 32 420
249 250 34 438
250 251 39 375
251 252 33 520
252 253 23 439
253 254 34 478
254 255 37 384
255 256 34 448
256 257 29 373
257 258 43 472
258 259 41 453
259 260 24 275
260 261 50 529
261 262 41 444
263 264 26 408
264 265 31 443
265 266 42 460
266 267 33 503
267 268 34 512
268 269 26 522
269 270 32 317
270 271 24 332
271 272 38 465
272 273 41 457
273 274 39 459
274 275 31 474
275 276 33 339
276 277 35 401
277 278 32 397
278 279 42 397
280 281 38 493
281 282 49 495
282 283 38 430
283 284 29 517
284 285 27 407
285 286 32 413
286 287 35 408
287 288 35 377
288 289 38 432
289 290 28 457
290 291 32 478
291 292 20 281
292 293 30 437
293 294 26 425
294 295 33 465
295 296 36 396
296 297 49 446
298 299 31 394
299 300 50 549
300 301 34 353
301 302 33 415
302 303 37 493
303 304 38 484
304 305 30 446
305 306 40 486
306 307 42 504
307 308 23 308
308 309 20 346
309 310 28 378
310 311 43 565
311 312 44 531
312 313 30 474
313 314 44 537
314 315 49 622
316 317 30 328
317 318 35 545
318 319 33 476
319 320 45 461
320 321 24 344
321 322 27 276
322 323 37 457
323 324 28 402
324 325 43 437
325 326 36 464
326 327 35 410
327 328 44 520
328 329 48 466
329 330 38 454
330 331 32 410
331 332 22 362
332 333 44 505
333 334 33 423
335 336 34 493
336 337 31 459
337 338 24 470
338 339 33 443
339 340 25 408
340 341 36 452
341 342 31 369
342 343 47 549
343 344 35 535
344 345 42 445
345 346 43 502
346 347 33 410
347 348 40 508
348 349 43 415
349 350 47 583
350 351 36 430
351 352 33 429
352 353 40 467
353 354 30 378
355 356 25 422
356 357 30 381
357 358 41 415
358 359 33 416
359 360 36 595
360 361 40 490
361 362 42 419
362 363 45 458
363 364 31 370
364 365 27 428
365 366 37 536
366 367 37 470
367 368 32 390
368 369 32 461
369 370 36 422
370 371 29 332
372 373 37 449
373 374 39 581
374 375 23 342
375 376 34 476
376 377 40 373
377 378 47 410
378 379 33 400
379 380 32 449
380 381 42 590
381 382 35 427
382 383 29 371
383 384 34 445
384 385 27 412
385 386 33 427
386 387 38 359
387 388 38 474
388 389 42 410
389 390 30 438
391 392 37 494
392 393 37 431
393 394 35 429
394 395 46 566
395 396 37 497
396 397 40 543
397 398 26 388
398 399 34 484
399 400 40 481
400 401 45 576
401 402 31 438
402 403 41 360
403 404 45 517
404 405 31 423
405 406 45 475
406 407 40 445
407 408 36 501
409 410 35 575
410 411 34 445
411 412 23 361
412 413 40 406
413 414 30 450
414 415 37 458
415 416 25 263
416 417 32 371
417 418 28 370
418 419 23 349
419 420 24 434
420 421 35 460
421 422 34 462
422 423 41 467
423 424 33 373
424 425 36 513
425 426 34 345
426 427 42 397
427 428 28 424
429 430 34 508
429 456 32 445
430 431 87 872
430 472 34 384
431 432 61 654
432 433 49 440
432 473 41 469
433 434 47 565
433 490 20 328
434 435 50 531
434 491 31 491
435 436 47 542
436 437 76 563
436 507 38 381
437 438 68 530
438 439 48 590
438 508 30 292
439 440 69 615
440 441 64 602
440 524 37 422
441 442 56 625
441 525 30 371
442 443 56 656
442 542 40 396
443 444 32 387
443 543 31 435
444 445 78 866
444 560 29 465
445 446 81 721
446 447 76 705
447 448 56 656
447 561 35 382
448 449 70 801
448 577 40 433
449 450 39 517
449 578 34 392
450 451 63 438
451 452 82 728
451 594 29 341
452 453 74 714
453 454 70 619
453 595 45 550
454 455 67 664
454 613 31 369
456 457 28 432
457 458 50 578
458 459 50 503
459 460 23 329
460 461 44 431
461 462 46 419
462 463 32 345
463 464 41 359
464 465 40 487
465 466 29 388
466 467 36 400
467 468 35 528
468 469 26 422
469 470 43 439
470 471 22 366
471 472 27 334
473 474 32 372
474 475 34 331
475 476 27 400
476 477 37 343
477 478 36 510
478 479 26 341
479 480 35 436
480 481 24 405
481 482 43 540
482 483 41 388
483 484 48 548
484 485 40 486
485 486 50 605
486 487 36 413
487 488 27 456
488 489 48 512
489 490 24 373
491 492 41 488
492 493 43 482
493 494 27 347
494 495 32 373
495 496 37 530
496 497 33 385
497 498 38 534
498 499 33 511
499 500 41 537
500 501 39 452
501 502 37 426
502 503 28 352
503 504 26 307
504 505 41 505
505 506 29 443
506 507 39 373
508 509 40 527
509 510 29 499
510 511 27 449
511 512 39 489
512 513 37 458
513 514 31 380
514 515 22 389
515 516 40 462
516 517 29 340
517 518 43 541
518 519 23 490
519 520 38 538
520 521 21 356
521 522 38 464
522 523 39 471
523 524 36 544
525 526 35 467
526 527 31 483
527 528 32 345
528 529 30 286
529 530 41 485
530 531 40 484
531 532 42 487
532 533 24 400
533 534 30 404
534 535 27 400
535 536 37 479
536 537 23 411
537 538 40 391
538 539 24 276
539 540 31 350
540 541 47 378
541 542 24 393
543 544 36 291
544 545 41 430
545 546 31 378
546 547 31 299
547 548 38 554
548 549 35 320
549 550 29 460
550 551 34 270
551 552 20 343
552 553 37 532
553 554 38 498
554 555 43 477
555 556 37 442
556 557 31 418
557 558 30 483
558 559 39 428
559 560 38 482
561 562 43 452
562 563 33 454
563 564 32 404
564 565 47 649
565 566 44 613
566 567 23 366
567 568 40 453
568 569 32 478
569 570 32 516
570 571 26 374
571 572 37 451
572 573 31 417
573 574 50 574
574 575 29 411
575 576 37 500
576 577 33 430
578 579 23 311
579 580 26 441
580 581 46 533
581 582 24 391
582 583 29 385
583 584 36 436
584 585 36 366
585 586 31 355
586 587 34 407
587 588 28 438
588 589 27 331
589 590 31 554
590 591 41 545
591 592 40 663
592 593 27 385
593 594 44 645
595 596 28 381
596 597 35 416
597 598 35 547
598 599 29 444
599 600 33 467
600 601 37 599
601 602 43 566
602 603 25 384
603 604 32 426
604 605 31 399
605 606 21 399
606 607 32 366
607 608 43 612
608 609 36 453
609 610 35 389
610 611 42 465
611 612 23 433
612 613 32 460
614 615 66 748
615 616 46 444
615 638 32 244
616 617 71 779
616 657 21 376
617 618 62 687
617 658 44 490
618 619 63 722
618 677 50 579
619 620 56 510
619 678 26 422
620 621 55 549
620 694 26 424
621 622 42 437
622 623 57 599
622 695 41 428
623 624 20 369
623 713 27 437
624 625 45 530
625 626 73 757
626 627 89 799
626 714 25 352
627 628 51 494
627 730 35 398
628 629 64 528
628 731 39 616
629 630 100 934
630 631 43 521
631 632 95 878
631 750 37 543
632 633 57 669
633 634 75 676
633 751 35 420
634 635 85 800
634 769 31 473
635 636 61 658
635 770 24 450
636 637 55 658
636 789 33 439
638 639 38 383
639 640 35 412
640 641 32 394
641 642 40 445
642 643 32 367
643 644 49 580
644 645 37 410
645 646 39 478
646 647 46 545
647 648 27 354
648 649 41 488
649 650 39 461
650 651 47 460
651 652 20 347
652 653 29 475
653 654 24 384
654 655 32 480
655 656 42 443
656 657 45 656
658 659 46 565
659 660 36 504
660 661 28 415
661 662 37 563
662 663 21 309
663 664 35 418
664 665 32 446
665 666 24 393
666 667 50 551
667 668 37 461
668 669 35 389
669 670 30 322
670 671 26 485
671 672 41 439
672 673 21 402
673 674 38 502
674 675 37 396
675 676 41 438
676 677 26 343
678 679 37 586
679 680 34 463
680 681 41 430
681 682 32 399
682 683 44 549
683 684 30 335
684 685 48 600
685 686 43 495
686 687 48 520
687 688 39 562
688 689 31 389
689 690 25 415
690 691 29 452
691 692 41 589
692 693 34 355
693 694 47 505
695 696 33 345
696 697 25 473
697 698 49 521
698 699 39 520
699 700 31 479
700 701 32 293
701 702 33 388
702 703 27 300
703 704 33 481
704 705 38 414
705 706 29 386
706 707 44 567
707 708 34 336
708 709 31 474
709 710 24 388
710 711 30 435
711 712 32 477
712 713 34 430
714 715 43 493
715 716 42 491
716 717 46 597
717 718 24 335
718 719 32 507
719 720 25 368
720 721 37 486
721 722 41 369
722 723 35 460
723 724 30 393
724 725 34 416
725 726 38 457
726 727 29 396
727 728 21 318
728 729 26 359
729 730 34 499
731 732 21 355
732 733 36 463
733 734 22 326
734 735 33 481
735 736 40 456
736 737 36 451
737 738 33 412
738 739 34 414
739 740 33 473
740 741 39 565
741 742 42 513
742 743 33 459
743 744 34 445
744 745 26 315
745 746 43 440
746 747 30 450
747 748 24 425
748 749 25 298
749 750 24 391
751 752 39 564
752 753 25 358
753 754 50 585
754 755 30 349
755 756 35 390
756 757 41 470
757 758 36 459
758 759 26 345
759 760 38 458
760 761 45 563
761 762 22 443
762 763 36 562
763 764 35 492
764 765 34 417
765 766 48 509
766 767 31 362
767 768 31 304
768 769 36 528
770 771 27 393
771 772 27 345
772 773 40 522
773 774 39 491
774 775 35 500
775 776 20 352
776 777 45 643
777 778 45 495
778 779 47 468
779 780 25 407
780 781 38 517
781 782 42 523
782 783 41 391
783 784 23 311
784 785 41 462
785 786 38 435
786 787 30 334
787 788 50 518
788 789 38 381
790 791 50 559
790 820 42 455
791 792 65 493
791 836 29 357
792 793 64 602
792 837 42 437
793 794 86 773
794 795 81 796
794 856 43 517
795 796 44 480
795 857 35 404
796 797 85 779
797 798 48 573
798 799 69 604
798 876 20 334
799 800 52 372
799 877 37 561
800 801 61 571
800 893 35 496
801 802 56 641
802 803 100 927
802 894 28 285
803 804 61 695
803 913 34 467
804 805 100 910
805 806 41 450
806 807 51 517
806 914 28 494
807 808 50 530
808 809 41 382
809 810 30 339
809 931 34 463
810 811 26 356
810 932 24 326
811 812 87 867
811 949 43 539
812 813 39 456
812 950 43 531
813 814 46 527
813 966 36 431
814 815 42 615
814 967 30 515
815 816 50 608
816 817 62 566
816 985 29 325
817 818 47 650
818 819 45 557
818 986 32 319
819 1005 33 446
820 821 20 420
821 822 21 356
822 823 42 522
823 824 27 341
824 825 35 464
825 826 31 453
826 827 40 395
827 828 24 444
828 829 30 442
829 830 41 533
830 831 29 416
831 832 20 379
832 833 31 441
833 834 43 416
834 835 44 546
835 836 45 587
837 838 35 472
838 839 38 377
839 840 20 361
840 841 38 464
841 842 37 486
842 843 47 544
843 844 31 410
844 845 34 447
845 846 46 438
846 847 44 504
847 848 29 348
848 849 36 453
849 850 37 404
850 851 36 399
851 852 33 369
852 853 43 441
853 854 39 441
854 855 33 449
855 856 45 432
857 858 27 358
858 859 27 338
859 860 33 428
860 861 45 483
861 862 38 438
862 863 41 513
863 864 39 527
864 865 36 452
865 866 29 451
866 867 30 421
867 868 31 311
868 869 40 456
869 870 29 359
870 871 29 402
871 872 43 579
872 873 38 474
873 874 36 470
874 875 38 543
875 876 35 369
877 878 33 555
878 879 39 411
879 880 42 542
880 881 32 353
881 882 35 470
882 883 38 545
883 884 40 488
884 885 48 580
885 886 39 460
886 887 26 381
887 888 44 508
888 889 36 477
889 890 40 504
890 891 31 366
891 892 39 448
892 893 36 410
894 895 41 482
895 896 38 387
896 897 32 460
897 898 36 319
898 899 45 544
899 900 41 588
900 901 41 485
901 902 43 527
902 903 28 363
903 904 34 463
904 905 49 578
905 906 34 342
906 907 45 466
907 908 24 306
908 909 36 502
909 910 42 453
910 911 26 434
911 912 40 512
912 913 39 538
914 915 20 377
915 916 43 530
916 917 39 511
917 918 40 530
918 919 36 477
919 920 38 485
920 921 34 365
921 922 23 272
922 923 29 451
923 924 31 373
924 925 20 381
925 926 45 539
926 927 44 441
927 928 37 405
928 929 25 381
929 930 43 472
930 931 30 393
932 933 32 384
933 934 30 378
934 935 31 433
935 936 46 646
936 937 24 238
937 938 38 362
938 939 28 429
939 940 33 434
940 941 33 482
941 942 42 547
942 943 29 460
943 944 25 341
944 945 38 541
945 946 27 382
946 947 33 430
947 948 41 460
948 949 34 434
950 951 43 410
951 952 22 406
952 953 42 559
953 954 26 474
954 955 31 473
955 956 37 528
956 957 34 429
957 958 25 451
958 959 40 461
959 960 43 571
960 961 32 393
961 962 40 482
962 963 32 388
963 964 30 565
964 965 38 351
965 966 26 422
967 968 40 418
968 969 48 421
969 970 42 649
970 971 38 552
971 972 31 355
972 973 40 401
973 974 22 348
974 975 29 442
975 976 41 514
976 977 35 476
977 978 43 459
978 979 32 414
979 980 42 559
980 981 41 493
981 982 40 556
982 983 20 219
983 984 34 466
984 985 42 449
986 987 42 483
987 988 28 403
988 989 24 410
989 990 40 472
990 991 37 618
991 992 42 421
992 993 27 429
993 994 32 433
994 995 46 536
995 996 38 427
996 997 35 495
997 998 30 394
998 999 28 376
999 1000 31 366
1000 1001 20 320
1001 1002 37 493
1002 1003 30 552
1003 1004 29 374
1004 1005 46 445
1006 1007 22 374
1006 1030 31 444
1007 1008 64 606
1007 1049 45 638
1008 1009 100 947
1009 1010 100 841
1009 1050 47 499
1010 1011 34 467
1011 1012 78 720
1011 1068 36 404
1012 1013 55 554
1012 1069 20 415
1013 1014 81 705
1014 1015 47 391
1014 1086 38 478
1015 1016 36 472
1016 1017 44 542
1017 1018 91 893
1017 1087 36 519
1018 1019 68 750
1018 1105 32 429
1019 1020 54 668
1019 1106 37 485
1020 1021 23 308
1021 1022 83 830
1022 1023 57 614
1022 1124 39 493
1023 1024 29 518
1023 1125 41 587
1024 1025 73 803
1025 1026 31 452
1025 1141 29 446
1026 1027 71 532
1026 1142 23 380
1027 1028 70 819
1027 1160 38 604
1028 1029 60 651
1028 1161 40 649
1029 1177 24 364
1030 1031 30 493
1031 1032 42 542
1032 1033 32 392
1033 1034 34 416
1034 1035 20 342
1035 1036 28 432
1036 1037 25 442
1037 1038 27 379
1038 1039 27 279
1039 1040 24 386
1040 1041 43 636
1041 1042 38 466
1042 1043 29 278
1043 1044 35 477
1044 1045 24 368
1045 1046 33 439
1046 1047 37 476
1047 1048 38 499
1048 1049 30 393
1050 1051 32 452
1051 1052 23 374
1052 1053 37 599
1053 1054 31 437
1054 1055 33 376
1055 1056 30 387
1056 1057 34 288
1057 1058 45 454
1058 1059 34 464
1059 1060 39 409
1060 1061 22 281
1061 1062 41 624
1062 1063 29 401
1063 1064 38 459
1064 1065 39 491
1065 1066 31 402
1066 1067 26 407
1067 1068 36 357
1069 1070 39 443
1070 1071 38 427
1071 1072 37 462
1072 1073 46 570
1073 1074 39 445
1074 1075 34 367
1075 1076 39 438
1076 1077 42 528
1077 1078 36 390
1078 1079 29 481
1079 1080 20 331
1080 1081 36 535
1081 1082 41 441
1082 1083 30 430
1083 1084 48 540
1084 1085 43 525
1085 1086 40 535
1087 1088 23 348
1088 1089 38 375
1089 1090 31 423
1090 1091 42 426
1091 1092 25 330
1092 1093 32 425
1093 1094 42 570
1094 1095 33 339
1095 1096 41 503
1096 1097 29 364
1097 1098 36 478
1098 1099 34 392
1099 1100 44 492
1100 1101 40 463
1101 1102 22 406
1102 1103 34 406
1103 1104 25 287
1104 1105 41 387
1106 1107 30 392
1107 1108 22 335
1108 1109 36 487
1109 1110 37 419
1110 1111 25 482
1111 1112 34 355
1112 1113 34 383
1113 1114 31 468
1114 1115 28 466
1115 1116 23 273
1116 1117 21 383
1117 1118 28 472
1118 1119 40 468
1119 1120 26 417
1120 1121 32 407
1121 1122 30 443
1122 1123 34 310
1123 1124 20 354
1125 1126 24 336
1126 1127 33 479
1127 1128 30 437
1128 1129 39 437
1129 1130 28 495
1130 1131 43 428
1131 1132 24 343
1132 1133 30 501
1133 1134 32 363
1134 1135 40 418
1135 1136 25 324
1136 1137 47 656
1137 1138 44 527
1138 1139 35 378
1139 1140 39 468
1140 1141 32 490
1142 1143 36 453
1143 1144 40 590
1144 1145 36 433
1145 1146 37 487
1146 1147 42 482
1147 1148 36 532
1148 1149 28 489
1149 1150 30 424
1150 1151 36 400
1151 1152 31 448
1152 1153 28 431
1153 1154 50 528
1154 1155 33 346
1155 1156 32 399
1156 1157 32 507
1157 1158 45 388
1158 1159 39 408
1159 1160 37 366
1161 1162 28 433
1162 1163 37 401
1163 1164 41 397
1164 1165 39 562
1165 1166 26 333
1166 1167 38 517
1167 1168 36 434
1168 1169 34 489
1169 1170 50 493
1170 1171 26 409
1171 1172 26 336
1172 1173 32 359
1173 1174 26 461
1174 1175 43 478
1175 1176 31 344
1176 1177 35 370
1178 1179 59 728
1178 1205 44 500
1179 1180 43 488
1179 1221 36 497
1180 1181 56 642
1180 1222 24 404
1181 1182 55 554
1182 1183 74 653
1182 1239 38 427
1183 1184 54 575
1184 1185 47 594
1184 1240 30 396
1185 1186 79 734
1186 1187 93 822
1186 1256 37 551
1187 1188 46 456
1187 1257 31 406
1188 1189 84 876
1189 1190 87 730
1190 1191 50 583
1190 1276 34 428
1191 1192 78 695
1191 1277 25 333
1192 1193 84 963
1193 1194 73 756
1193 1296 37 368
1194 1195 74 775
1194 1297 30 386
1195 1196 75 667
1195 1314 30 414
1196 1197 65 689
1197 1198 59 527
1198 1199 20 262
1198 1315 30 448
1199 1200 71 509
1199 1332 45 556
1200 1201 58 622
1200 1333 36 394
1201 1202 82 807
1201 1350 36 501
1202 1203 61 711
1203 1204 83 855
1203 1351 48 589
1204 1367 34 434
1205 1206 32 341
1206 1207 26 415
1207 1208 37 511
1208 1209 29 491
1209 1210 30 480
1210 1211 34 382
1211 1212 25 322
1212 1213 39 416
1213 1214 31 418
1214 1215 43 502
1215 1216 46 557
1216 1217 40 401
1217 1218 37 478
1218 1219 38 501
1219 1220 43 422
1220 1221 33 433
1222 1223 32 306
1223 1224 41 468
1224 1225 35 336
1225 1226 46 513
1226 1227 27 459
1227 1228 39 374
1228 1229 43 455
1229 1230 33 460
1230 1231 40 568
1231 1232 42 425
1232 1233 48 530
1233 1234 50 529
1234 1235 39 439
1235 1236 44 456
1236 1237 28 295
1237 1238 34 422
1238 1239 20 367
1240 1241 36 432
1241 1242 30 375
1242 1243 32 388
1243 1244 40 438
1244 1245 32 442
1245 1246 32 468
1246 1247 28 421
1247 1248 36 530
1248 1249 44 467
1249 1250 30 459
1250 1251 29 355
1251 1252 39 373
1252 1253 42 513
1253 1254 32 436
1254 1255 42 549
1255 1256 32 423
1257 1258 20 316
1258 1259 50 614
1259 1260 36 522
1260 1261 39 535
1261 1262 46 541
1262 1263 40 423
1263 1264 32 358
1264 1265 40 472
1265 1266 31 380
1266 1267 42 411
1267 1268 43 437
1268 1269 26 327
1269 1270 31 406
1270 1271 34 352
1271 1272 38 486
1272 1273 27 421
1273 1274 24 337
1274 1275 35 403
1275 1276 27 339
1277 1278 39 409
1278 1279 20 366
1279 1280 30 295
1280 1281 35 348
1281 1282 33 471
1282 1283 37 508
1283 1284 30 483
1284 1285 28 501
1285 1286 46 511
1286 1287 31 442
1287 1288 20 390
1288 1289 30 421
1289 1290 50 652
1290 1291 36 508
1291 1292 48 523
1292 1293 31 338
1293 1294 47 462
1294 1295 39 491
1295 1296 41 528
1297 1298 42 462
1298 1299 45 642
1299 1300 45 461
1300 1301 48 607
1301 1302 32 430
1302 1303 40 342
1303 1304 34 492
1304 1305 36 351
1305 1306 29 416
1306 1307 27 385
1307 1308 26 386
1308 1309 33 561
1309 1310 42 512
1310 1311 24 343
1311 1312 41 416
1312 1313 34 532
1313 1314 37 450
1315 1316 26 431
1316 1317 42 485
1317 1318 46 529
1318 1319 33 508
1319 1320 32 406
1320 1321 31 442
1321 1322 26 431
1322 1323 42 331
1323 1324 20 469
1324 1325 35 444
1325 1326 31 457
1326 1327 32 348
1327 1328 31 333
1328 1329 34 468
1329 1330 30 383
1330 1331 23 341
1331 1332 37 421
1333 1334 43 546
1334 1335 38 536
1335 1336 44 567
1336 1337 24 449
1337 1338 27 390
1338 1339 39 571
1339 1340 34 387
1340 1341 46 569
1341 1342 33 485
1342 1343 43 420
1343 1344 33 422
1344 1345 32 293
1345 1346 35 497
1346 1347 20 284
1347 1348 42 492
1348 1349 34 474
1349 1350 42 632
1351 1352 48 568
1352 1353 29 426
1353 1354 39 332
1354 1355 39 565
1355 1356 20 426
1356 1357 36 438
1357 1358 47 561
1358 1359 27 351
1359 1360 42 486
1360 1361 34 496
1361 1362 43 550
1362 1363 32 338
1363 1364 26 401
1364 1365 39 428
1365 1366 36 387
1366 1367 31 482
1368 1369 57 583
1368 1398 30 461
1369 1370 80 770
1370 1371 70 778
1370 1416 36 545
1371 1372 44 536
1371 1417 33 456
1372 1373 58 571
1372 1434 46 351
1373 1374 74 875
1374 1375 49 463
1375 1376 51 609
1375 1435 44 536
1376 1377 65 661
1377 1378 96 782
1378 1379 53 566
1379 1380 54 646
1379 1453 39 534
1380 1381 80 769
1381 1382 45 482
1381 1454 34 446
1382 1383 49 587
1382 1470 43 433
1383 1384 79 883
1383 1471 32 434
1384 1385 56 563
1384 1487 41 486
1385 1386 76 651
1385 1488 47 458
1386 1387 51 439
1386 1505 25 393
1387 1388 64 549
1387 1506 32 377
1388 1389 51 519
1388 1525 49 613
1389 1390 86 617
1389 1526 31 466
1390 1391 65 533
1390 1542 41 553
1391 1392 40 492
1391 1543 36 421
1392 1393 61 627
1392 1560 36 358
1393 1394 75 648
1394 1395 76 674
1394 1561 50 618
1395 1396 63 651
1396 1397 55 457
1397 1578 25 408
1398 1399 35 372
1399 1400 41 461
1400 1401 47 640
1401 1402 40 456
1402 1403 41 449
1403 1404 22 393
1404 1405 34 398
1405 1406 37 464
1406 1407 32 456
1407 1408 33 395
1408 1409 42 437
1409 1410 36 346
1410 1411 38 427
1411 1412 35 478
1412 1413 32 520
1413 1414 35 353
1414 1415 21 419
1415 1416 33 449
1417 1418 35 395
1418 1419 22 426
1419 1420 26 315
1420 1421 27 414
1421 1422 31 481
1422 1423 28 314
1423 1424 24 447
1424 1425 36 481
1425 1426 32 337
1426 1427 25 240
1427 1428 27 388
1428 1429 39 495
1429 1430 41 463
1430 1431 43 504
1431 1432 40 375
1432 1433 34 466
1433 1434 48 546
1435 1436 36 451
1436 1437 29 405
1437 1438 46 526
1438 1439 29 454
1439 1440 31 371
1440 1441 33 396
1441 1442 28 425
1442 1443 32 366
1443 1444 39 457
1444 1445 43 544
1445 1446 41 545
1446 1447 37 473
1447 1448 40 440
1448 1449 32 454
1449 1450 32 410
1450 1451 29 371
1451 1452 34 402
1452 1453 26 341
1454 1455 33 409
1455 1456 26 331
1456 1457 23 397
1457 1458 40 543
1458 1459 43 497
1459 1460 41 392
1460 1461 30 370
1461 1462 41 441
1462 1463 33 511
1463 1464 26 453
1464 1465 43 473
1465 1466 35 488
1466 1467 38 399
1467 1468 40 569
1468 1469 45 497
1469 1470 20 301
1471 1472 29 358
1472 1473 36 461
1473 1474 26 325
1474 1475 40 463
1475 1476 28 479
1476 1477 29 338
1477 1478 36 444
1478 1479 33 338
1479 1480 49 555
1480 1481 38 431
1481 1482 46 601
1482 1483 33 439
1483 1484 30 444
1484 1485 39 551
1485 1486 33 488
1486 1487 36 476
1488 1489 39 525
1489 1490 44 402
1490 1491 49 503
1491 1492 35 312
1492 1493 34 443
1493 1494 32 427
1494 1495 38 468
1495 1496 27 509
1496 1497 34 397
1497 1498 20 413
1498 1499 25 307
1499 1500 35 499
1500 1501 44 549
1501 1502 27 404
1502 1503 32 425
1503 1504 29 324
1504 1505 34 447
1506 1507 34 462
1507 1508 36 428
1508 1509 39 421
1509 1510 31 430
1510 1511 38 568
1511 1512 45 520
1512 1513 36 454
1513 1514 30 334
1514 1515 40 534
1515 1516 38 436
1516 1517 34 455
1517 1518 36 396
1518 1519 20 401
1519 1520 29 381
1520 1521 42 526
1521 1522 37 467
1522 1523 32 348
1523 1524 38 398
1524 1525 36 365
1526 1527 36 468
1527 1528 50 530
1528 1529 42 569
1529 1530 39 511
1530 1531 39 518
1531 1532 43 472
1532 1533 40 557
1533 1534 28 405
1534 1535 35 523
1535 1536 42 508
1536 1537 27 343
1537 1538 28 429
1538 1539 30 411
1539 1540 39 479
1540 1541 32 405
1541 1542 39 565
1543 1544 48 659
1544 1545 21 398
1545 1546 47 578
1546 1547 34 524
1547 1548 41 482
1548 1549 34 422
1549 1550 28 309
1550 1551 39 512
1551 1552 32 445
1552 1553 45 417
1553 1554 31 395
1554 1555 35 364
1555 1556 45 525
1556 1557 33 402
1557 1558 38 487
1558 1559 23 319
1559 1560 34 451
1561 1562 20 278
1562 1563 49 573
1563 1564 46 476
1564 1565 37 463
1565 1566 43 492
1566 1567 45 401
1567 1568 32 415
1568 1569 32 385
1569 1570 32 590
1570 1571 39 571
1571 1572 34 364
1572 1573 36 445
1573 1574 24 395
1574 1575 39 373
1575 1576 25 374
1576 1577 42 538
1577 1578 29 379
1579 1580 78 682
1579 1606 46 480
1580 1581 70 689
1580 1623 31 502
1581 1582 64 587
1582 1583 55 562
1583 1584 44 460
1584 1585 59 618
1584 1624 40 415
1585 1586 42 645
1585 1640 46 720
1586 1587 75 582
1586 1641 37 352
1587 1588 69 685
1587 1660 36 409
1588 1589 38 483
1588 1661 40 494
1589 1590 76 848
1590 1591 73 777
1590 1680 32 383
1591 1592 58 540
1592 1593 62 433
1592 1681 26 404
1593 1594 55 529
1593 1700 29 297
1594 1595 52 596
1595 1596 47 433
1596 1597 58 704
1596 1701 26 461
1597 1598 65 700
1598 1599 20 366
1598 1717 32 500
1599 1600 65 764
1599 1718 32 439
1600 1601 53 673
1600 1734 28 466
1601 1602 64 689
1601 1735 28 400
1602 1603 43 453
1603 1604 64 737
1603 1753 38 413
1604 1605 87 696
1604 1754 33 409
1605 1772 41 518
1606 1607 39 416
1607 1608 39 408
1608 1609 30 389
1609 1610 43 510
1610 1611 42 648
1611 1612 33 356
1612 1613 26 393
1613 1614 20 345
1614 1615 47 411
1615 1616 20 272
1616 1617 40 383
1617 1618 37 490
1618 1619 36 505
1619 1620 30 456
1620 1621 32 422
1621 1622 28 478
1622 1623 42 390
1624 1625 45 540
1625 1626 41 530
1626 1627 29 396
1627 1628 39 505
1628 1629 43 508
1629 1630 39 521
1630 1631 38 414
1631 1632 33 344
1632 1633 30 415
1633 1634 28 395
1634 1635 36 447
1635 1636 33 394
1636 1637 43 477
1637 1638 35 420
1638 1639 34 404
1639 1640 22 424
1641 1642 35 495
1642 1643 46 536
1643 1644 32 456
1644 1645 43 485
1645 1646 33 490
1646 1647 50 562
1647 1648 48 409
1648 1649 39 530
1649 1650 34 338
1650 1651 39 501
1651 1652 37 478
1652 1653 37 344
1653 1654 38 428
1654 1655 45 512
1655 1656 27 447
1656 1657 36 415
1657 1658 35 385
1658 1659 48 599
1659 1660 38 435
1661 1662 42 523
1662 1663 38 454
1663 1664 38 363
1664 1665 32 500
1665 1666 49 651
1666 1667 30 355
1667 1668 35 387
1668 1669 40 358
1669 1670 36 511
1670 1671 37 423
1671 1672 43 404
1672 1673 34 453
1673 1674 27 341
1674 1675 41 495
1675 1676 31 464
1676 1677 39 525
1677 1678 28 343
1678 1679 31 382
1679 1680 39 544
1681 1682 29 406
1682 1683 34 426
1683 1684 34 525
1684 1685 39 587
1685 1686 22 322
1686 1687 39 471
1687 1688 26 285
1688 1689 50 562
1689 1690 33 451
1690 1691 34 491
1691 1692 37 426
1692 1693 41 459
1693 1694 40 533
1694 1695 43 442
1695 1696 37 458
1696 1697 36 349
1697 1698 39 398
1698 1699 38 368
1699 1700 46 534
1701 1702 29 414
1702 1703 27 320
1703 1704 44 565
1704 1705 32 391
1705 1706 34 456
1706 1707 36 386
1707 1708 34 450
1708 1709 42 427
1709 1710 26 490
1710 1711 34 521
1711 1712 35 392
1712 1713 33 433
1713 1714 40 338
1714 1715 37 509
1715 1716 35 450
1716 1717 37 451
1718 1719 33 495
1719 1720 44 467
1720 1721 20 368
1721 1722 30 435
1722 1723 39 455
1723 1724 20 349
1724 1725 39 567
1725 1726 33 397
1726 1727 47 490
1727 1728 36 472
1728 1729 25 334
1729 1730 40 463
1730 1731 41 474
1731 1732 29 270
1732 1733 20 353
1733 1734 37 520
1735 1736 22 365
1736 1737 38 519
1737 1738 34 558
1738 1739 24 360
1739 1740 32 331
1740 1741 40 488
1741 1742 41 369
1742 1743 48 433
1743 1744 24 379
1744 1745 45 525
1745 1746 30 458
1746 1747 35 394
1747 1748 34 401
1748 1749 36 471
1749 1750 40 545
1750 1751 29 527
1751 1752 36 454
1752 1753 41 465
1754 1755 35 426
1755 1756 20 373
1756 1757 29 446
1757 1758 42 444
1758 1759 39 414
1759 1760 39 476
1760 1761 44 529
1761 1762 46 553
1762 1763 29 510
1763 1764 32 402
1764 1765 40 534
1765 1766 42 508
1766 1767 33 473
1767 1768 31 445
1768 1769 30 384
1769 1770 50 662
1770 1771 33 409
1771 1772 43 530
1773 1774 73 611
1774 1775 57 628
1774 1797 36 483
1775 1776 94 888
1775 1816 47 557
1776 1777 97 961
1776 1817 45 461
1777 1778 61 735
1778 1779 43 425
1778 1834 32 452
1779 1780 55 655
1779 1835 37 389
1780 1781 44 499
1781 1782 54 538
1782 1783 92 879
1782 1854 38 478
1783 1784 20 345
1783 1855 27 351
1784 1785 77 836
1784 1871 46 483
1785 1786 100 1051
1785 1872 36 277
1786 1787 93 812
1786 1890 46 542
1787 1788 44 587
1787 1891 24 367
1788 1789 79 773
1788 1908 32 345
1789 1790 66 752
1790 1791 22 346
1790 1909 43 469
1791 1792 81 749
1792 1793 56 650
1793 1794 32 420
1793 1925 32 474
1794 1795 27 463
1794 1926 49 484
1795 1796 61 632
1795 1942 35 453
1797 1798 41 436
1798 1799 21 358
1799 1800 40 478
1800 1801 31 341
1801 1802 32 389
1802 1803 35 510
1803 1804 32 400
1804 1805 27 419
1805 1806 35 489
1806 1807 30 471
1807 1808 35 515
1808 1809 32 481
1809 1810 35 470
1810 1811 36 526
1811 1812 44 481
1812 1813 40 496
1813 1814 29 390
1814 1815 47 593
1815 1816 33 602
1817 1818 48 531
1818 1819 38 535
1819 1820 34 340
1820 1821 35 491
1821 1822 44 561
1822 1823 39 480
1823 1824 30 538
1824 1825 27 344
1825 1826 35 395
1826 1827 40 424
1827 1828 32 511
1828 1829 35 440
1829 1830 37 446
1830 1831 36 435
1831 1832 37 444
1832 1833 40 570
1833 1834 42 449
1835 1836 38 479
1836 1837 30 423
1837 1838 42 605
1838 1839 35 500
1839 1840 27 392
1840 1841 30 346
1841 1842 26 387
1842 1843 31 329
1843 1844 33 414
1844 1845 32 380
1845 1846 41 484
1846 1847 50 637
1847 1848 20 244
1848 1849 29 404
1849 1850 25 322
1850 1851 30 401
1851 1852 30 381
1852 1853 47 608
1853 1854 37 487
1855 1856 27 401
1856 1857 46 499
1857 1858 41 404
1858 1859 26 293
1859 1860 38 478
1860 1861 35 487
1861 1862 27 299
1862 1863 39 492
1863 1864 43 636
1864 1865 24 372
1865 1866 27 341
1866 1867 31 403
1867 1868 50 591
1868 1869 34 491
1869 1870 32 478
1870 1871 50 538
1872 1873 33 426
1873 1874 32 470
1874 1875 40 427
1875 1876 35 387
1876 1877 37 433
1877 1878 24 409
1878 1879 32 407
1879 1880 28 440
1880 1881 28 465
1881 1882 24 415
1882 1883 20 400
1883 1884 31 485
1884 1885 39 554
1885 1886 28 422
1886 1887 37 367
1887 1888 30 412
1888 1889 41 562
1889 1890 29 321
1891 1892 21 342
1892 1893 29 396
1893 1894 42 522
1894 1895 31 402
1895 1896 36 355
1896 1897 31 395
1897 1898 30 521
1898 1899 36 515
1899 1900 30 381
1900 1901 45 529
1901 1902 37 579
1902 1903 38 453
1903 1904 39 496
1904 1905 24 301
1905 1906 33 546
1906 1907 27 445
1907 1908 36 519
1909 1910 45 464
1910 1911 45 535
1911 1912 36 410
1912 1913 35 416
1913 1914 38 493
1914 1915 37 607
1915 1916 43 648
1916 1917 33 527
1917 1918 36 448
1918 1919 50 563
1919 1920 34 506
1920 1921 39 434
1921 1922 40 516
1922 1923 50 610
1923 1924 28 427
1924 1925 32 402
1926 1927 34 367
1927 1928 30 449
1928 1929 31 381
1929 1930 22 470
1930 1931 48 477
1931 1932 34 478
1932 1933 32 408
1933 1934 43 480
1934 1935 46 484
1935 1936 38 452
1936 1937 20 316
1937 1938 47 517
1938 1939 36 429
1939 1940 44 573
1940 1941 36 482
1941 1942 37 512
1943 1944 90 832
1943 1973 33 447
1944 1945 55 680
1944 1992 47 419
1945 1946 60 661
1945 1993 41 567
1946 1947 70 557
1946 2010 33 438
1947 1948 91 972
1947 2011 31 409
1948 1949 90 830
1949 1950 71 691
1949 2027 37 550
1950 1951 57 529
1950 2028 38 421
1951 1952 60 596
1951 2046 32 416
1952 1953 52 457
1953 1954 71 656
1954 1955 81 857
1955 1956 42 430
1956 1957 61 754
1957 1958 79 752
1957 2047 20 318
1958 1959 70 798
1958 2066 40 523
1959 1960 48 518
1959 2067 34 486
1960 1961 55 578
1960 2084 37 464
1961 1962 99 896
1962 1963 76 587
1963 1964 100 741
1963 2085 31 421
1964 1965 37 419
1964 2101 29 370
1965 1966 40 489
1966 1967 32 512
1967 1968 91 1022
1967 2102 40 423
1968 1969 46 307
1968 2118 20 295
1969 1970 66 651
1969 2119 30 377
1970 1971 79 758
1970 2138 27 339
1971 1972 92 919
1971 2139 24 335
1972 2158 29 355
1973 1974 44 510
1974 1975 32 472
1975 1976 22 400
1976 1977 40 480
1977 1978 32 446
1978 1979 49 489
1979 1980 30 456
1980 1981 37 399
1981 1982 34 486
1982 1983 26 368
1983 1984 24 382
1984 1985 34 348
1985 1986 28 376
1986 1987 26 436
1987 1988 37 598
1988 1989 35 442
1989 1990 23 313
1990 1991 36 406
1991 1992 25 347
1993 1994 29 509
1994 1995 41 355
1995 1996 33 394
1996 1997 25 413
1997 1998 28 405
1998 1999 37 339
1999 2000 34 446
2000 2001 43 395
2001 2002 27 383
2002 2003 47 692
2003 2004 33 443
2004 2005 28 445
2005 2006 37 511
2006 2007 36 420
2007 2008 31 400
2008 2009 35 416
2009 2010 34 458
2011 2012 34 489
2012 2013 42 616
2013 2014 33 430
2014 2015 32 374
2015 2016 41 476
2016 2017 32 478
2017 2018 41 606
2018 2019 30 384
2019 2020 45 578
2020 2021 30 351
2021 2022 20 333
2022 2023 37 423
2023 2024 28 452
2024 2025 40 621
2025 2026 50 509
2026 2027 45 524
2028 2029 32 485
2029 2030 38 487
2030 2031 22 455
2031 2032 27 493
2032 2033 42 458
2033 2034 46 423
2034 2035 40 441
2035 2036 43 421
2036 2037 35 475
2037 2038 40 435
2038 2039 38 396
2039 2040 32 357
2040 2041 38 589
2041 2042 36 282
2042 2043 20 301
2043 2044 30 387
2044 2045 34 486
2045 2046 37 484
2047 2048 23 297
2048 2049 42 514
2049 2050 50 435
2050 2051 43 471
2051 2052 31 416
2052 2053 38 495
2053 2054 25 447
2054 2055 32 356
2055 2056 32 370
2056 2057 34 289
2057 2058 39 434
2058 2059 42 482
2059 2060 38 499
2060 2061 29 328
2061 2062 29 364
2062 2063 35 541
2063 2064 20 347
2064 2065 43 472
2065 2066 47 514
2067 2068 36 525
2068 2069 23 378
2069 2070 38 529
2070 2071 37 471
2071 2072 28 458
2072 2073 31 475
2073 2074 42 413
2074 2075 30 316
2075 2076 34 459
2076 2077 42 446
2077 2078 33 461
2078 2079 24 288
2079 2080 32 415
2080 2081 37 424
2081 2082 40 463
2082 2083 27 398
2083 2084 47 606
2085 2086 25 386
2086 2087 34 376
2087 2088 20 323
2088 2089 32 428
2089 2090 30 415
2090 2091 33 473
2091 2092 45 523
2092 2093 40 436
2093 2094 33 439
2094 2095 32 469
2095 2096 31 472
2096 2097 38 372
2097 2098 42 377
2098 2099 27 325
2099 2100 31 306
2100 2101 48 572
2102 2103 33 573
2103 2104 41 471
2104 2105 25 344
2105 2106 40 446
2106 2107 35 373
2107 2108 40 516
2108 2109 50 493
2109 2110 32 461
2110 2111 29 460
2111 2112 30 464
2112 2113 32 355
2113 2114 20 315
2114 2115 44 423
2115 2116 29 535
2116 2117 41 525
2117 2118 44 429
2119 2120 44 481
2120 2121 49 596
2121 2122 43 500
2122 2123 32 397
2123 2124 31 478
2124 2125 38 402
2125 2126 29 314
2126 2127 35 470
2127 2128 31 528
2128 2129 26 407
2129 2130 34 390
2130 2131 42 511
2131 2132 41 534
2132 2133 38 341
2133 2134 31 411
2134 2135 29 366
2135 2136 30 320
2136 2137 36 436
2137 2138 20 339
2139 2140 31 434
2140 2141 45 587
2141 2142 29 391
2142 2143 38 553
2143 2144 44 500
2144 2145 34 487
2145 2146 46 503
2146 2147 35 527
2147 2148 20 357
2148 2149 41 444
2149 2150 45 525
2150 2151 41 474
2151 2152 30 410
2152 2153 38 522
2153 2154 36 399
2154 2155 36 467
2155 2156 32 454
2156 2157 27 379
2157 2158 36 431
2159 2160 36 493
2159 2183 32 380
2160 2161 64 670
2160 2199 25 503
2161 2162 85 972
2161 2200 40 467
2162 2163 75 771
2162 2216 39 449
2163 2164 49 521
2163 2217 20 333
2164 2165 56 656
2164 2233 29 504
2165 2166 70 716
2166 2167 66 703
2167 2168 20 437
2167 2234 36 476
2168 2169 99 973
2168 2250 49 492
2169 2170 37 421
2169 2251 37 406
2170 2171 84 678
2170 2269 29 345
2171 2172 69 559
2171 2270 35 421
2172 2173 86 726
2173 2174 48 682
2174 2175 72 755
2175 2176 75 640
2176 2177 57 649
2177 2178 78 744
2178 2179 94 948
2178 2288 38 485
2179 2180 68 665
2179 2289 21 339
2180 2181 31 392
2180 2306 45 431
2181 2182 76 767
2181 2307 37 479
2182 2325 24 286
2183 2184 35 485
2184 2185 28 412
2185 2186 42 478
2186 2187 33 450
2187 2188 26 403
2188 2189 28 314
2189 2190 26 407
2190 2191 46 448
2191 2192 20 304
2192 2193 34 496
2193 2194 41 452
2194 2195 38 401
2195 2196 44 499
2196 2197 39 503
2197 2198 40 465
2198 2199 33 410
2200 2201 42 561
2201 2202 29 412
2202 2203 39 459
2203 2204 50 459
2204 2205 33 410
2205 2206 44 510
2206 2207 39 481
2207 2208 34 445
2208 2209 45 456
2209 2210 34 354
2210 2211 41 524
2211 2212 25 366
2212 2213 32 354
2213 2214 30 448
2214 2215 41 447
2215 2216 41 471
2217 2218 34 417
2218 2219 30 330
2219 2220 20 336
2220 2221 36 407
2221 2222 35 394
2222 2223 38 498
2223 2224 20 405
2224 2225 32 452
2225 2226 36 420
2226 2227 39 473
2227 2228 37 504
2228 2229 42 530
2229 2230 28 382
2230 2231 39 523
2231 2232 41 481
2232 2233 38 329
2234 2235 26 393
2235 2236 31 398
2236 2237 24 451
2237 2238 25 315
2238 2239 38 452
2239 2240 26 389
2240 2241 35 375
2241 2242 44 414
2242 2243 33 457
2243 2244 31 378
2244 2245 24 326
2245 2246 43 582
2246 2247 29 432
2247 2248 32 350
2248 2249 28 429
2249 2250 50 650
2251 2252 30 408
2252 2253 36 458
2253 2254 40 453
2254 2255 50 492
2255 2256 28 453
2256 2257 37 404
2257 2258 21 297
2258 2259 46 531
2259 2260 38 597
2260 2261 25 343
2261 2262 27 466
2262 2263 47 534
2263 2264 45 509
2264 2265 31 409
2265 2266 43 479
2266 2267 32 500
2267 2268 47 535
2268 2269 30 365
2270 2271 36 490
2271 2272 32 412
2272 2273 40 453
2273 2274 39 586
2274 2275 32 466
2275 2276 32 517
2276 2277 42 432
2277 2278 31 471
2278 2279 35 287
2279 2280 28 356
2280 2281 35 411
2281 2282 42 573
2282 2283 26 284
2283 2284 24 337
2284 2285 32 369
2285 2286 45 518
2286 2287 27 433
2287 2288 31 366
2289 2290 28 451
2290 2291 25 361
2291 2292 27 360
2292 2293 33 455
2293 2294 31 440
2294 2295 38 460
2295 2296 31 465
2296 2297 33 395
2297 2298 40 510
2298 2299 48 531
2299 2300 48 556
2300 2301 26 284
2301 2302 48 573
2302 2303 34 488
2303 2304 44 550
2304 2305 36 416
2305 2306 36 422
2307 2308 21 406
2308 2309 38 499
2309 2310 38 484
2310 2311 41 412
2311 2312 24 392
2312 2313 21 351
2313 2314 30 493
2314 2315 28 395
2315 2316 47 559
2316 2317 47 583
2317 2318 20 326
2318 2319 26 459
2319 2320 43 519
2320 2321 38 434
2321 2322 26 436
2322 2323 23 275
2323 2324 42 521
2324 2325 38 431
2326 2327 92 694
2326 2356 26 389
2327 2328 42 424
2328 2329 23 401
2329 2330 70 591
2329 2375 43 408
2330 2331 43 523
2331 2332 55 546
2332 2333 68 793
2333 2334 36 385
2334 2335 53 570
2334 2376 37 512
2335 2336 20 316
2335 2394 42 511
2336 2337 42 397
2336 2395 30 401
2337 2338 37 465
2338 2339 52 527
2338 2413 49 587
2339 2340 61 538
2339 2414 38 449
2340 2341 80 861
2340 2430 42 381
2341 2342 79 767
2341 2431 39 362
2342 2343 73 810
2342 2450 36 534
2343 2344 82 637
2344 2345 71 603
2344 2451 34 453
2345 2346 39 393
2346 2347 43 481
2346 2468 29 470
2347 2348 79 877
2347 2469 27 390
2348 2349 70 742
2348 2486 30 430
2349 2350 52 510
2349 2487 24 464
2350 2351 55 475
2350 2503 40 582
2351 2352 86 818
2352 2353 26 398
2352 2504 44 438
2353 2354 59 647
2353 2521 38 353
2354 2355 100 891
2354 2522 30 371
2355 2538 50 547
2356 2357 34 467
2357 2358 27 327
2358 2359 26 340
2359 2360 31 347
2360 2361 43 466
2361 2362 26 395
2362 2363 31 492
2363 2364 33 462
2364 2365 31 364
2365 2366 29 332
2366 2367 20 272
2367 2368 37 370
2368 2369 39 497
2369 2370 37 490
2370 2371 26 406
2371 2372 33 366
2372 2373 38 414
2373 2374 34 460
2374 2375 33 365
2376 2377 36 461
2377 2378 29 483
2378 2379 31 377
2379 2380 37 388
2380 2381 40 566
2381 2382 40 414
2382 2383 34 385
2383 2384 37 492
2384 2385 43 438
2385 2386 24 327
2386 2387 44 466
2387 2388 31 393
2388 2389 35 345
2389 2390 44 517
2390 2391 37 469
2391 2392 21 219
2392 2393 34 388
2393 2394 33 391
2395 2396 27 381
2396 2397 39 566
2397 2398 42 491
2398 2399 45 525
2399 2400 43 485
2400 2401 33 330
2401 2402 45 477
2402 2403 50 540
2403 2404 40 408
2404 2405 34 447
2405 2406 39 447
2406 2407 34 488
2407 2408 47 452
2408 2409 22 361
2409 2410 41 457
2410 2411 32 463
2411 2412 42 469
2412 2413 36 441
2414 2415 20 336
2415 2416 40 512
2416 2417 34 413
2417 2418 41 529
2418 2419 28 424
2419 2420 34 457
2420 2421 31 369
2421 2422 32 372
2422 2423 30 291
2423 2424 39 582
2424 2425 41 409
2425 2426 39 511
2426 2427 28 440
2427 2428 29 407
2428 2429 36 572
2429 2430 21 313
2431 2432 40 351
2432 2433 33 490
2433 2434 42 423
2434 2435 29 378
2435 2436 30 476
2436 2437 39 508
2437 2438 50 546
2438 2439 44 385
2439 2440 35 471
2440 2441 41 480
2441 2442 31 524
2442 2443 37 420
2443 2444 44 551
2444 2445 33 400
2445 2446 28 390
2446 2447 24 378
2447 2448 28 478
2448 2449 22 217
2449 2450 41 510
2451 2452 46 516
2452 2453 25 445
2453 2454 40 438
2454 2455 39 437
2455 2456 46 462
2456 2457 32 459
2457 2458 27 497
2458 2459 30 458
2459 2460 49 599
2460 2461 26 282
2461 2462 39 449
2462 2463 35 564
2463 2464 43 579
2464 2465 38 415
2465 2466 30 452
2466 2467 33 429
2467 2468 30 423
2469 2470 32 408
2470 2471 38 439
2471 2472 28 395
2472 2473 20 361
2473 2474 28 404
2474 2475 29 380
2475 2476 42 431
2476 2477 49 427
2477 2478 38 515
2478 2479 36 400
2479 2480 30 486
2480 2481 25 275
2481 2482 40 521
2482 2483 39 352
2483 2484 31 491
2484 2485 42 410
2485 2486 31 458
2487 2488 44 466
2488 2489 37 425
2489 2490 29 499
2490 2491 20 352
2491 2492 43 614
2492 2493 41 432
2493 2494 42 541
2494 2495 41 413
2495 2496 50 567
2496 2497 46 518
2497 2498 42 414
2498 2499 28 354
2499 2500 20 423
2500 2501 35 562
2501 2502 33 437
2502 2503 34 423
2504 2505 36 398
2505 2506 40 496
2506 2507 30 397
2507 2508 35 491
2508 2509 36 381
2509 2510 44 536
2510 2511 30 426
2511 2512 43 461
2512 2513 27 363
2513 2514 25 387
2514 2515 29 403
2515 2516 40 400
2516 2517 44 508
2517 2518 20 334
2518 2519 44 481
2519 2520 40 513
2520 2521 40 515
2522 2523 27 465
2523 2524 21 441
2524 2525 41 590
2525 2526 26 416
2526 2527 31 430
2527 2528 27 312
2528 2529 49 669
2529 2530 42 459
2530 2531 33 441
2531 2532 29 397
2532 2533 40 343
2533 2534 36 405
2534 2535 40 484
2535 2536 39 506
2536 2537 36 475
2537 2538 45 476
2539 2540 44 446
2540 2541 32 391
2541 2542 62 564
2541 2569 34 353
2542 2543 42 533
2542 2587 27 380
2543 2544 85 828
2543 2588 30 317
2544 2545 46 589
2544 2606 26 322
2545 2546 33 426
2545 2607 23 329
2546 2547 40 412
2546 2624 32 522
2547 2548 20 380
2547 2625 28 345
2548 2549 41 363
2549 2550 68 631
2549 2642 44 630
2550 2551 100 858
2550 2643 37 567
2551 2552 72 735
2551 2659 38 497
2552 2553 55 624
2553 2554 49 593
2553 2660 30 345
2554 2555 48 560
2554 2678 33 438
2555 2556 47 513
2555 2679 35 488
2556 2557 52 521
2556 2696 40 383
2557 2558 60 662
2557 2697 41 513
2558 2559 52 554
2558 2714 36 546
2559 2560 55 479
2560 2561 22 340
2561 2562 51 523
2561 2715 34 370
2562 2563 54 411
2563 2564 99 962
2563 2733 42 337
2564 2565 44 487
2564 2734 33 348
2565 2566 55 623
2566 2567 75 815
2567 2568 68 745
2568 2751 31 523
2569 2570 32 577
2570 2571 31 385
2571 2572 20 338
2572 2573 26 362
2573 2574 20 349
2574 2575 20 422
2575 2576 21 314
2576 2577 36 426
2577 2578 35 541
2578 2579 30 354
2579 2580 28 457
2580 2581 25 395
2581 2582 27 301
2582 2583 39 430
2583 2584 39 380
2584 2585 50 687
2585 2586 40 487
2586 2587 20 368
2588 2589 24 382
2589 2590 39 439
2590 2591 40 455
2591 2592 38 341
2592 2593 45 518
2593 2594 29 421
2594 2595 25 342
2595 2596 38 492
2596 2597 41 495
2597 2598 33 333
2598 2599 20 352
2599 2600 45 451
2600 2601 33 351
2601 2602 42 489
2602 2603 32 402
2603 2604 44 547
2604 2605 38 381
2605 2606 36 461
2607 2608 44 486
2608 2609 43 503
2609 2610 40 445
2610 2611 28 356
2611 2612 20 409
2612 2613 40 495
2613 2614 33 389
2614 2615 25 446
2615 2616 36 367
2616 2617 30 405
2617 2618 50 508
2618 2619 39 403
2619 2620 35 530
2620 2621 34 456
2621 2622 46 652
2622 2623 33 394
2623 2624 33 446
2625 2626 39 559
2626 2627 50 500
2627 2628 32 383
2628 2629 34 529
2629 2630 36 326
2630 2631 25 357
2631 2632 37 465
2632 2633 36 403
2633 2634 39 378
2634 2635 50 490
2635 2636 30 408
2636 2637 28 448
2637 2638 36 420
2638 2639 46 431
2639 2640 32 397
2640 2641 32 369
2641 2642 28 355
2643 2644 36 454
2644 2645 21 299
2645 2646 27 324
2646 2647 32 361
2647 2648 50 604
2648 2649 48 467
2649 2650 44 464
2650 2651 25 328
2651 2652 46 558
2652 2653 26 300
2653 2654 44 423
2654 2655 27 418
2655 2656 47 569
2656 2657 33 351
2657 2658 42 461
2658 2659 50 522
2660 2661 40 497
2661 2662 30 402
2662 2663 46 392
2663 2664 33 416
2664 2665 39 520
2665 2666 34 435
2666 2667 38 419
2667 2668 39 492
2668 2669 24 355
2669 2670 29 416
2670 2671 25 414
2671 2672 32 474
2672 2673 29 341
2673 2674 42 380
2674 2675 37 562
2675 2676 38 483
2676 2677 38 498
2677 2678 42 545
2679 2680 33 397
2680 2681 35 428
2681 2682 35 408
2682 2683 35 281
2683 2684 33 432
2684 2685 23 351
2685 2686 26 409
2686 2687 36 306
2687 2688 31 299
2688 2689 46 650
2689 2690 28 384
2690 2691 27 317
2691 2692 32 448
2692 2693 31 394
2693 2694 25 369
2694 2695 36 426
2695 2696 32 412
2697 2698 31 390
2698 2699 40 542
2699 2700 38 499
2700 2701 37 426
2701 2702 49 606
2702 2703 38 454
2703 2704 36 477
2704 2705 37 460
2705 2706 36 461
2706 2707 45 461
2707 2708 33 416
2708 2709 24 384
2709 2710 41 447
2710 2711 29 412
2711 2712 31 528
2712 2713 26 367
2713 2714 39 522
2715 2716 41 490
2716 2717 36 503
2717 2718 35 413
2718 2719 29 391
2719 2720 42 576
2720 2721 35 413
2721 2722 28 370
2722 2723 23 322
2723 2724 50 639
2724 2725 33 400
2725 2726 42 423
2726 2727 36 342
2727 2728 43 552
2728 2729 43 456
2729 2730 29 372
2730 2731 29 427
2731 2732 32 475
2732 2733 50 544
2734 2735 35 470
2735 2736 43 452
2736 2737 47 553
2737 2738 30 424
2738 2739 32 317
2739 2740 20 345
2740 2741 39 523
2741 2742 34 390
2742 2743 37 498
2743 2744 40 502
2744 2745 26 325
2745 2746 30 429
2746 2747 39 406
2747 2748 45 496
2748 2749 45 495
2749 2750 50 501
2750 2751 38 522
2752 2753 65 709
2753 2754 76 656
2753 2779 31 481
2754 2755 58 663
2754 2796 38 455
2755 2756 64 794
2756 2757 42 526
2756 2797 32 347
2757 2758 62 561
2757 2814 44 498
2758 2759 83 783
2758 2815 41 437
2759 2760 35 424
2760 2761 69 688
2761 2762 47 561
2761 2833 21 331
2762 2763 56 618
2763 2764 98 860
2763 2834 27 484
2764 2765 45 483
2764 2853 42 382
2765 2766 100 847
2765 2854 38 470
2766 2767 66 746
2766 2871 48 504
2767 2768 49 610
2767 2872 42 623
2768 2769 79 777
2768 2891 34 475
2769 2770 55 466
2770 2771 64 654
2770 2892 40 503
2771 2772 58 587
2771 2908 43 482
2772 2773 100 1015
2773 2774 89 851
2773 2909 27 424
2774 2775 66 745
2774 2928 39 439
2775 2776 59 564
2776 2777 72 657
2776 2929 39 468
2777 2778 82 801
2777 2946 42 590
2779 2780 37 461
2780 2781 27 362
2781 2782 34 363
2782 2783 36 451
2783 2784 38 433
2784 2785 41 479
2785 2786 33 494
2786 2787 30 466
2787 2788 39 572
2788 2789 30 452
2789 2790 35 452
2790 2791 41 513
2791 2792 23 392
2792 2793 50 511
2793 2794 40 496
2794 2795 31 371
2795 2796 36 328
2797 2798 20 225
2798 2799 35 435
2799 2800 47 459
2800 2801 34 459
2801 2802 37 357
2802 2803 30 440
2803 2804 34 460
2804 2805 31 364
2805 2806 39 458
2806 2807 34 498
2807 2808 35 539
2808 2809 34 374
2809 2810 27 269
2810 2811 27 513
2811 2812 44 556
2812 2813 29 332
2813 2814 40 485
2815 2816 23 379
2816 2817 35 431
2817 2818 30 423
2818 2819 50 496
2819 2820 48 529
2820 2821 28 462
2821 2822 40 535
2822 2823 49 574
2823 2824 26 390
2824 2825 36 474
2825 2826 30 364
2826 2827 40 479
2827 2828 40 480
2828 2829 32 341
2829 2830 26 373
2830 2831 37 488
2831 2832 30 332
2832 2833 38 494
2834 2835 43 474
2835 2836 34 385
2836 2837 43 406
2837 2838 27 434
2838 2839 23 432
2839 2840 39 521
2840 2841 26 355
2841 2842 30 338
2842 2843 30 398
2843 2844 33 431
2844 2845 20 307
2845 2846 41 580
2846 2847 22 379
2847 2848 38 400
2848 2849 41 480
2849 2850 41 552
2850 2851 40 383
2851 2852 38 487
2852 2853 40 612
2854 2855 40 431
2855 2856 36 449
2856 2857 38 399
2857 2858 34 532
2858 2859 29 425
2859 2860 20 345
2860 2861 39 489
2861 2862 24 337
2862 2863 37 508
2863 2864 34 452
2864 2865 41 480
2865 2866 44 467
2866 2867 22 319
2867 2868 27 470
2868 2869 30 509
2869 2870 44 490
2870 2871 45 545
2872 2873 41 562
2873 2874 35 488
2874 2875 34 462
2875 2876 36 360
2876 2877 31 429
2877 2878 44 466
2878 2879 50 535
2879 2880 39 543
2880 2881 28 376
2881 2882 26 362
2882 2883 43 440
2883 2884 36 398
2884 2885 33 306
2885 2886 31 360
2886 2887 32 440
2887 2888 24 327
2888 2889 30 393
2889 2890 40 473
2890 2891 29 391
2892 2893 20 383
2893 2894 30 379
2894 2895 28 365
2895 2896 39 451
2896 2897 37 551
2897 2898 35 461
2898 2899 34 363
2899 2900 32 501
2900 2901 35 401
2901 2902 29 402
2902 2903 46 548
2903 2904 44 494
2904 2905 30 493
2905 2906 39 554
2906 2907 36 491
2907 2908 29 449
2909 2910 34 510
2910 2911 40 596
2911 2912 30 402
2912 2913 33 548
2913 2914 20 288
2914 2915 34 395
2915 2916 42 605
2916 2917 41 441
2917 2918 20 339
2918 2919 41 439
2919 2920 34 414
2920 2921 39 459
2921 2922 33 434
2922 2923 27 414
2923 2924 33 414
2924 2925 37 498
2925 2926 45 480
2926 2927 43 500
2927 2928 34 382
2929 2930 50 406
2930 2931 40 565
2931 2932 44 617
2932 2933 33 451
2933 2934 34 485
2934 2935 25 368
2935 2936 38 358
2936 2937 25 295
2937 2938 37 409
2938 2939 42 484
2939 2940 43 586
2940 2941 24 243
2941 2942 35 474
2942 2943 36 457
2943 2944 42 417
2944 2945 34 407
2945 2946 32 394
2947 2948 67 640
2947 2974 38 415
2948 2949 54 584
2949 2950 55 528
2949 2993 20 254
2950 2951 58 657
2951 2952 79 669
2951 2994 26 316
2952 2953 58 639
2952 3012 35 353
2953 2954 57 763
2953 3013 37 476
2954 2955 76 680
2955 2956 95 819
2956 2957 57 619
2957 2958 59 659
2957 3032 30 424
2958 2959 36 512
2958 3033 41 498
2959 2960 64 737
2960 2961 64 785
2960 3050 42 558
2961 2962 50 521
2961 3051 34 479
2962 2963 27 341
2962 3068 47 433
2963 2964 72 679
2964 2965 68 717
2965 2966 64 668
2966 2967 71 611
2966 3069 38 480
2967 2968 75 773
2967 3086 33 474
2968 2969 71 618
2968 3087 37 432
2969 2970 45 566
2969 3104 49 453
2970 2971 30 487
2970 3105 41 466
2971 2972 55 648
2971 3122 48 509
2972 2973 77 783
2972 3123 25 360
2973 3142 42 533
2974 2975 27 459
2975 2976 45 434
2976 2977 45 516
2977 2978 26 362
2978 2979 26 363
2979 2980 30 416
2980 2981 42 441
2981 2982 27 372
2982 2983 39 486
2983 2984 34 479
2984 2985 37 472
2985 2986 39 438
2986 2987 47 549
2987 2988 36 380
2988 2989 37 382
2989 2990 21 279
2990 2991 37 596
2991 2992 33 402
2992 2993 39 468
2994 2995 33 387
2995 2996 32 355
2996 2997 39 573
2997 2998 27 273
2998 2999 32 389
2999 3000 46 589
3000 3001 48 569
3001 3002 37 479
3002 3003 27 479
3003 3004 27 398
3004 3005 36 447
3005 3006 24 438
3006 3007 35 344
3007 3008 35 493
3008 3009 35 405
3009 3010 32 404
3010 3011 41 573
3011 3012 45 551
3013 3014 36 451
3014 3015 38 476
3015 3016 42 540
3016 3017 34 485
3017 3018 37 543
3018 3019 37 456
3019 3020 41 506
3020 3021 32 363
3021 3022 36 373
3022 3023 30 424
3023 3024 20 378
3024 3025 27 333
3025 3026 36 588
3026 3027 49 617
3027 3028 42 488
3028 3029 33 501
3029 3030 33 343
3030 3031 50 552
3031 3032 43 488
3033 3034 47 542
3034 3035 50 512
3035 3036 28 415
3036 3037 34 306
3037 3038 32 404
3038 3039 48 400
3039 3040 40 476
3040 3041 37 547
3041 3042 43 546
3042 3043 35 523
3043 3044 42 464
3044 3045 30 426
3045 3046 21 402
3046 3047 28 419
3047 3048 22 304
3048 3049 36 395
3049 3050 21 343
3051 3052 29 389
3052 3053 41 541
3053 3054 41 447
3054 3055 41 393
3055 3056 29 401
3056 3057 28 439
3057 3058 34 440
3058 3059 50 541
3059 3060 39 555
3060 3061 34 554
3061 3062 20 330
3062 3063 28 364
3063 3064 50 527
3064 3065 30 456
3065 3066 39 503
3066 3067 25 399
3067 3068 46 476
3069 3070 29 436
3070 3071 41 515
3071 3072 31 444
3072 3073 31 373
3073 3074 38 448
3074 3075 34 441
3075 3076 26 402
3076 3077 40 482
3077 3078 34 459
3078 3079 34 389
3079 3080 45 534
3080 3081 34 492
3081 3082 39 435
3082 3083 35 420
3083 3084 38 462
3084 3085 50 536
3085 3086 41 446
3087 3088 40 537
3088 3089 39 446
3089 3090 35 503
3090 3091 35 429
3091 3092 30 483
3092 3093 36 379
3093 3094 37 370
3094 3095 32 496
3095 3096 42 449
3096 3097 36 419
3097 3098 41 489
3098 3099 44 483
3099 3100 33 334
3100 3101 36 421
3101 3102 20 264
3102 3103 44 424
3103 3104 30 423
3105 3106 35 381
3106 3107 33 443
3107 3108 36 517
3108 3109 35 450
3109 3110 46 521
3110 3111 41 480
3111 3112 37 586
3112 3113 41 490
3113 3114 37 462
3114 3115 44 570
3115 3116 36 415
3116 3117 35 393
3117 3118 47 487
3118 3119 42 471
3119 3120 37 441
3120 3121 28 348
3121 3122 45 561
3123 3124 33 410
3124 3125 29 434
3125 3126 20 238
3126 3127 39 392
3127 3128 21 372
3128 3129 46 497
3129 3130 27 420
3130 3131 38 420
3131 3132 35 432
3132 3133 39 438
3133 3134 39 498
3134 3135 22 448
3135 3136 24 431
3136 3137 30 338
3137 3138 36 438
3138 3139 35 466
3139 3140 20 379
3140 3141 38 514
3141 3142 35 406
3143 3144 81 844
3144 3145 63 622
3144 3173 36 429
3145 3146 66 640
3145 3189 34 545
3146 3147 82 876
3147 3148 90 946
3148 3149 65 716
3148 3190 36 364
3149 3150 84 661
3149 3208 34 490
3150 3151 20 294
3151 3152 25 349
3151 3209 38 411
3152 3153 72 614
3152 3227 34 472
3153 3154 20 401
3153 3228 34 390
3154 3155 62 728
3154 3246 38 398
3155 3156 86 627
3156 3157 66 597
3156 3247 32 315
3157 3158 39 568
3157 3264 42 490
3158 3159 70 738
3158 3265 38 516
3159 3160 69 776
3159 3284 25 402
3160 3161 55 529
3160 3285 42 417
3161 3162 49 489
3161 3301 31 443
3162 3163 100 1038
3162 3302 25 414
3163 3164 82 703
3164 3165 40 573
3165 3166 49 511
3166 3167 68 743
3166 3321 50 633
3167 3168 62 725
3167 3322 49 554
3168 3169 41 527
3169 3170 58 673
3169 3341 41 467
3170 3171 73 725
3171 3172 60 687
3171 3342 26 326
3172 3359 46 567
3173 3174 45 557
3174 3175 27 305
3175 3176 33 537
3176 3177 38 559
3177 3178 37 542
3178 3179 35 416
3179 3180 33 363
3180 3181 38 532
3181 3182 36 414
3182 3183 40 461
3183 3184 36 444
3184 3185 20 331
3185 3186 35 454
3186 3187 34 390
3187 3188 33 386
3188 3189 41 407
3190 3191 27 336
3191 3192 48 505
3192 3193 39 382
3193 3194 32 394
3194 3195 46 442
3195 3196 36 456
3196 3197 40 547
3197 3198 41 467
3198 3199 31 441
3199 3200 24 376
3200 3201 24 463
3201 3202 31 477
3202 3203 40 524
3203 3204 31 346
3204 3205 35 432
3205 3206 37 377
3206 3207 33 392
3207 3208 20 279
3209 3210 27 389
3210 3211 27 362
3211 3212 50 600
3212 3213 32 424
3213 3214 27 413
3214 3215 32 383
3215 3216 42 417
3216 3217 30 379
3217 3218 35 399
3218 3219 28 419
3219 3220 34 450
3220 3221 33 445
3221 3222 32 452
3222 3223 44 434
3223 3224 31 419
3224 3225 38 383
3225 3226 33 380
3226 3227 46 520
3228 3229 31 388
3229 3230 30 504
3230 3231 21 356
3231 3232 41 470
3232 3233 37 508
3233 3234 42 469
3234 3235 22 413
3235 3236 29 442
3236 3237 31 347
3237 3238 35 448
3238 3239 26 252
3239 3240 39 519
3240 3241 30 408
3241 3242 23 279
3242 3243 33 391
3243 3244 20 262
3244 3245 50 533
3245 3246 50 520
3247 3248 38 344
3248 3249 27 332
3249 3250 25 226
3250 3251 40 522
3251 3252 40 491
3252 3253 36 463
3253 3254 30 379
3254 3255 38 546
3255 3256 35 456
3256 3257 43 623
3257 3258 41 493
3258 3259 38 365
3259 3260 30 452
3260 3261 42 521
3261 3262 36 430
3262 3263 39 447
3263 3264 36 416
3265 3266 26 363
3266 3267 27 428
3267 3268 33 382
3268 3269 30 440
3269 3270 28 476
3270 3271 38 531
3271 3272 43 509
3272 3273 37 437
3273 3274 39 368
3274 3275 35 518
3275 3276 45 652
3276 3277 34 434
3277 3278 45 460
3278 3279 24 408
3279 3280 36 424
3280 3281 45 610
3281 3282 40 474
3282 3283 45 544
3283 3284 34 559
3285 3286 36 385
3286 3287 42 507
3287 3288 38 555
3288 3289 26 412
3289 3290 32 507
3290 3291 32 342
3291 3292 31 311
3292 3293 30 284
3293 3294 31 387
3294 3295 34 484
3295 3296 27 394
3296 3297 24 358
3297 3298 42 485
3298 3299 32 496
3299 3300 33 478
3300 3301 30 276
3302 3303 33 478
3303 3304 29 356
3304 3305 28 411
3305 3306 42 392
3306 3307 39 474
3307 3308 30 388
3308 3309 24 377
3309 3310 41 468
3310 3311 34 452
3311 3312 43 474
3312 3313 38 457
3313 3314 42 529
3314 3315 32 482
3315 3316 39 446
3316 3317 29 389
3317 3318 42 415
3318 3319 42 387
3319 3320 29 411
3320 3321 35 473
3322 3323 26 364
3323 3324 24 347
3324 3325 35 435
3325 3326 46 524
3326 3327 39 458
3327 3328 34 497
3328 3329 35 480
3329 3330 22 254
3330 3331 34 359
3331 3332 33 484
3332 3333 36 473
3333 3334 43 528
3334 3335 47 438
3335 3336 37 474
3336 3337 20 234
3337 3338 36 532
3338 3339 41 537
3339 3340 31 427
3340 3341 41 509
3342 3343 37 534
3343 3344 34 477
3344 3345 42 549
3345 3346 40 449
3346 3347 44 506
3347 3348 40 374
3348 3349 32 420
3349 3350 35 573
3350 3351 27 360
3351 3352 42 544
3352 3353 33 513
3353 3354 40 560
3354 3355 33 446
3355 3356 42 554
3356 3357 32 402
3357 3358 38 463
3358 3359 41 572
3360 3361 31 454
3361 3362 49 484
3362 3363 91 977
3362 3390 29 440
3363 3364 67 756
3363 3408 30 400
3364 3365 87 940
3364 3409 39 610
3365 3366 20 368
3365 3427 20 336
3366 3367 83 735
3366 3428 32 373
3367 3368 43 374
3367 3445 41 432
3368 3369 58 608
3368 3446 21 440
3369 3370 77 774
3370 3371 63 566
3371 3372 53 501
3371 3463 30 314
3372 3373 64 626
3372 3464 26 433
3373 3374 55 646
3373 3482 33 326
3374 3375 60 664
3375 3376 44 523
3375 3483 27 350
3376 3377 68 619
3376 3499 23 313
3377 3378 50 618
3378 3379 87 879
3378 3500 38 494
3379 3380 35 449
3379 3518 26 350
3380 3381 40 516
3381 3382 70 771
3382 3383 100 931
3382 3519 37 530
3383 3384 63 801
3384 3385 59 621
3385 3386 36 525
3385 3537 32 433
3386 3387 20 346
3386 3538 50 539
3387 3388 54 512
3387 3557 37 428
3388 3389 69 760
3388 3558 46 591
3389 3577 34 503
3390 3391 42 511
3391 3392 34 391
3392 3393 42 441
3393 3394 41 606
3394 3395 30 445
3395 3396 44 576
3396 3397 35 379
3397 3398 25 413
3398 3399 32 334
3399 3400 43 520
3400 3401 33 360
3401 3402 31 407
3402 3403 35 384
3403 3404 36 404
3404 3405 24 372
3405 3406 39 361
3406 3407 31 384
3407 3408 35 424
3409 3410 22 434
3410 3411 31 329
3411 3412 37 488
3412 3413 32 294
3413 3414 25 319
3414 3415 33 433
3415 3416 50 430
3416 3417 37 417
3417 3418 34 424
3418 3419 33 518
3419 3420 42 468
3420 3421 25 365
3421 3422 24 378
3422 3423 28 353
3423 3424 33 491
3424 3425 20 386
3425 3426 46 494
3426 3427 37 414
3428 3429 20 310
3429 3430 37 417
3430 3431 37 484
3431 3432 35 391
3432 3433 29 462
3433 3434 36 455
3434 3435 34 397
3435 3436 20 303
3436 3437 26 339
3437 3438 36 421
3438 3439 24 383
3439 3440 30 333
3440 3441 37 539
3441 3442 23 345
3442 3443 29 395
3443 3444 31 414
3444 3445 38 399
3446 3447 22 327
3447 3448 28 316
3448 3449 20 249
3449 3450 33 407
3450 3451 25 393
3451 3452 39 459
3452 3453 41 484
3453 3454 38 495
3454 3455 28 330
3455 3456 36 434
3456 3457 31 383
3457 3458 36 420
3458 3459 23 347
3459 3460 25 384
3460 3461 42 557
3461 3462 29 406
3462 3463 24 384
3464 3465 38 427
3465 3466 33 368
3466 3467 45 474
3467 3468 33 254
3468 3469 33 355
3469 3470 38 420
3470 3471 43 559
3471 3472 41 548
3472 3473 33 484
3473 3474 40 447
3474 3475 39 507
3475 3476 42 507
3476 3477 39 427
3477 3478 38 441
3478 3479 26 452
3479 3480 34 433
3480 3481 31 459
3481 3482 39 534
3483 3484 25 267
3484 3485 37 499
3485 3486 35 458
3486 3487 33 481
3487 3488 31 404
3488 3489 34 537
3489 3490 50 679
3490 3491 45 638
3491 3492 38 572
3492 3493 36 439
3493 3494 40 493
3494 3495 33 359
3495 3496 41 496
3496 3497 29 538
3497 3498 41 420
3498 3499 46 513
3500 3501 41 421
3501 3502 31 402
3502 3503 41 478
3503 3504 32 409
3504 3505 31 401
3505 3506 35 374
3506 3507 35 412
3507 3508 37 397
3508 3509 31 359
3509 3510 29 412
3510 3511 32 447
3511 3512 34 465
3512 3513 35 435
3513 3514 44 598
3514 3515 31 523
3515 3516 39 409
3516 3517 25 424
3517 3518 23 329
3519 3520 36 407
3520 3521 26 377
3521 3522 25 345
3522 3523 34 492
3523 3524 34 528
3524 3525 32 452
3525 3526 41 499
3526 3527 29 300
3527 3528 20 383
3528 3529 35 311
3529 3530 28 418
3530 3531 36 406
3531 3532 40 548
3532 3533 47 524
3533 3534 21 393
3534 3535 47 446
3535 3536 28 482
3536 3537 50 496
3538 3539 50 477
3539 3540 45 498
3540 3541 30 421
3541 3542 40 454
3542 3543 20 371
3543 3544 43 470
3544 3545 49 562
3545 3546 44 389
3546 3547 30 389
3547 3548 35 560
3548 3549 29 362
3549 3550 22 304
3550 3551 38 458
3551 3552 37 530
3552 3553 28 536
3553 3554 37 547
3554 3555 41 490
3555 3556 34 317
3556 3557 22 358
3558 3559 38 503
3559 3560 28 474
3560 3561 31 438
3561 3562 36 379
3562 3563 35 337
3563 3564 41 488
3564 3565 32 523
3565 3566 48 520
3566 3567 40 499
3567 3568 46 456
3568 3569 42 534
3569 3570 47 531
3570 3571 38 501
3571 3572 45 551
3572 3573 20 320
3573 3574 46 473
3574 3575 31 296
3575 3576 39 490
3576 3577 27 352
3578 3579 85 806
3578 3608 25 466
3579 3580 40 505
3579 3627 38 469
3580 3581 64 643
3580 3628 26 452
3581 3582 72 687
3581 3647 39 487
3582 3583 61 760
3582 3648 33 479
3583 3584 65 654
3584 3585 79 653
3584 3664 44 465
3585 3586 68 576
3585 3665 21 352
3586 3587 64 621
3587 3588 36 463
3587 3683 33 402
3588 3589 54 475
3589 3590 69 778
3590 3591 23 406
3590 3684 44 439
3591 3592 49 508
3592 3593 74 545
3592 3703 33 465
3593 3594 68 748
3594 3595 57 605
3594 3704 34 396
3595 3596 79 586
3595 3722 28 434
3596 3597 84 884
3596 3723 33 363
3597 3598 36 444
3598 3599 21 349
3598 3740 20 291
3599 3600 77 727
3600 3601 75 777
3600 3741 28 369
3601 3602 65 754
3601 3757 27 419
3602 3603 77 844
3602 3758 29 438
3603 3604 49 498
3604 3605 75 584
3605 3606 46 541
3605 3777 50 540
3606 3607 62 696
3606 3778 25 404
3607 3795 34 507
3608 3609 34 376
3609 3610 21 331
3610 3611 28 408
3611 3612 23 444
3612 3613 30 403
3613 3614 30 433
3614 3615 32 431
3615 3616 31 382
3616 3617 43 583
3617 3618 37 505
3618 3619 33 515
3619 3620 27 399
3620 3621 42 452
3621 3622 43 511
3622 3623 25 340
3623 3624 26 460
3624 3625 29 420
3625 3626 25 332
3626 3627 22 370
3628 3629 42 550
3629 3630 43 544
3630 3631 45 462
3631 3632 25 266
3632 3633 26 355
3633 3634 42 452
3634 3635 33 475
3635 3636 29 412
3636 3637 29 456
3637 3638 29 398
3638 3639 37 357
3639 3640 37 455
3640 3641 44 511
3641 3642 37 415
3642 3643 25 422
3643 3644 42 428
3644 3645 31 390
3645 3646 32 466
3646 3647 37 518
3648 3649 25 429
3649 3650 47 611
3650 3651 29 418
3651 3652 32 552
3652 3653 42 478
3653 3654 34 413
3654 3655 27 375
3655 3656 31 501
3656 3657 27 388
3657 3658 36 458
3658 3659 36 436
3659 3660 39 473
3660 3661 31 397
3661 3662 30 404
3662 3663 33 450
3663 3664 35 453
3665 3666 28 414
3666 3667 33 456
3667 3668 39 508
3668 3669 35 524
3669 3670 40 458
3670 3671 34 423
3671 3672 31 355
3672 3673 31 449
3673 3674 38 517
3674 3675 39 399
3675 3676 27 362
3676 3677 42 412
3677 3678 31 514
3678 3679 38 546
3679 3680 34 557
3680 3681 28 364
3681 3682 29 523
3682 3683 28 324
3684 3685 31 470
3685 3686 29 352
3686 3687 30 462
3687 3688 34 449
3688 3689 44 471
3689 3690 29 388
3690 3691 36 433
3691 3692 41 554
3692 3693 33 464
3693 3694 43 498
3694 3695 32 402
3695 3696 35 454
3696 3697 38 573
3697 3698 40 595
3698 3699 39 560
3699 3700 46 558
3700 3701 45 533
3701 3702 48 478
3702 3703 37 354
3704 3705 40 510
3705 3706 40 480
3706 3707 43 614
3707 3708 31 417
3708 3709 27 479
3709 3710 27 417
3710 3711 39 463
3711 3712 22 409
3712 3713 33 441
3713 3714 40 465
3714 3715 28 351
3715 3716 32 338
3716 3717 35 352
3717 3718 32 390
3718 3719 38 395
3719 3720 44 514
3720 3721 20 441
3721 3722 31 488
3723 3724 44 448
3724 3725 37 407
3725 3726 33 432
3726 3727 43 506
3727 3728 46 494
3728 3729 33 447
3729 3730 22 290
3730 3731 35 446
3731 3732 28 374
3732 3733 36 402
3733 3734 46 496
3734 3735 46 678
3735 3736 32 362
3736 3737 34 419
3737 3738 35 485
3738 3739 25 485
3739 3740 36 312
3741 3742 40 527
3742 3743 41 447
3743 3744 26 379
3744 3745 30 362
3745 3746 43 499
3746 3747 28 435
3747 3748 40 522
3748 3749 44 574
3749 3750 20 372
3750 3751 30 304
3751 3752 48 532
3752 3753 34 524
3753 3754 38 462
3754 3755 43 560
3755 3756 25 335
3756 3757 42 400
3758 3759 37 410
3759 3760 32 352
3760 3761 31 446
3761 3762 35 446
3762 3763 44 611
3763 3764 22 387
3764 3765 32 509
3765 3766 27 334
3766 3767 32 436
3767 3768 37 475
3768 3769 46 569
3769 3770 35 483
3770 3771 25 463
3771 3772 34 364
3772 3773 30 355
3773 3774 32 439
3774 3775 46 533
3775 3776 50 422
3776 3777 33 431
3778 3779 28 527
3779 3780 30 393
3780 3781 35 412
3781 3782 43 517
3782 3783 26 285
3783 3784 28 297
3784 3785 50 542
3785 3786 34 419
3786 3787 30 445
3787 3788 29 437
3788 3789 40 457
3789 3790 37 511
3790 3791 26 409
3791 3792 40 587
3792 3793 35 414
3793 3794 38 462
3794 3795 50 644
3796 3797 38 501
3796 3820 26 435
3797 3798 81 705
3797 3837 29 453
3798 3799 100 727
3798 3838 43 418
3799 3800 87 889
3800 3801 64 701
3800 3854 36 471
3801 3802 44 557
3802 3803 67 672
3802 3855 28 341
3803 3804 98 863
3804 3805 64 820
3804 3873 45 490
3805 3806 61 550
3805 3874 41 524
3806 3807 100 786
3806 3893 43 495
3807 3808 55 542
3807 3894 30 408
3808 3809 94 857
3808 3912 28 395
3809 3810 69 740
3809 3913 35 325
3810 3811 69 678
3811 3812 45 558
3812 3813 82 626
3812 3932 32 479
3813 3814 45 564
3813 3933 30 436
3814 3815 46 619
3815 3816 58 649
3815 3952 31 404
3816 3817 82 684
3816 3953 35 423
3817 3818 78 664
3818 3819 55 578
3818 3971 42 426
3820 3821 31 443
3821 3822 38 445
3822 3823 35 469
3823 3824 37 584
3824 3825 35 393
3825 3826 45 429
3826 3827 50 552
3827 3828 42 483
3828 3829 39 428
3829 3830 33 447
3830 3831 43 449
3831 3832 33 449
3832 3833 31 374
3833 3834 39 517
3834 3835 34 539
3835 3836 44 621
3836 3837 37 366
3838 3839 39 455
3839 3840 33 410
3840 3841 33 429
3841 3842 39 464
3842 3843 27 360
3843 3844 39 553
3844 3845 32 493
3845 3846 37 409
3846 3847 20 420
3847 3848 33 393
3848 3849 30 376
3849 3850 41 449
3850 3851 34 416
3851 3852 34 487
3852 3853 31 447
3853 3854 38 629
3855 3856 39 443
3856 3857 35 392
3857 3858 29 410
3858 3859 32 424
3859 3860 39 486
3860 3861 42 650
3861 3862 43 514
3862 3863 42 533
3863 3864 22 320
3864 3865 42 501
3865 3866 44 495
3866 3867 40 354
3867 3868 39 475
3868 3869 48 487
3869 3870 34 440
3870 3871 33 295
3871 3872 38 565
3872 3873 25 399
3874 3875 37 468
3875 3876 45 424
3876 3877 29 356
3877 3878 36 375
3878 3879 38 521
3879 3880 34 452
3880 3881 40 537
3881 3882 50 598
3882 3883 26 369
3883 3884 46 537
3884 3885 29 317
3885 3886 32 404
3886 3887 21 477
3887 3888 36 423
3888 3889 31 436
3889 3890 41 514
3890 3891 30 518
3891 3892 31 466
3892 3893 43 560
3894 3895 22 404
3895 3896 29 356
3896 3897 33 460
3897 3898 50 565
3898 3899 38 512
3899 3900 33 532
3900 3901 38 417
3901 3902 25 448
3902 3903 24 339
3903 3904 40 482
3904 3905 26 410
3905 3906 36 477
3906 3907 50 624
3907 3908 33 435
3908 3909 24 316
3909 3910 34 424
3910 3911 43 429
3911 3912 45 453
3913 3914 20 313
3914 3915 50 500
3915 3916 23 329
3916 3917 25 439
3917 3918 50 495
3918 3919 38 504
3919 3920 33 340
3920 3921 36 510
3921 3922 38 446
3922 3923 36 496
3923 3924 38 488
3924 3925 32 431
3925 3926 25 339
3926 3927 34 442
3927 3928 20 382
3928 3929 32 456
3929 3930 35 463
3930 3931 27 404
3931 3932 22 393
3933 3934 50 547
3934 3935 37 483
3935 3936 34 418
3936 3937 47 473
3937 3938 26 370
3938 3939 35 538
3939 3940 26 372
3940 3941 36 534
3941 3942 25 435
3942 3943 41 445
3943 3944 49 645
3944 3945 35 483
3945 3946 39 393
3946 3947 35 396
3947 3948 34 493
3948 3949 43 457
3949 3950 40 535
3950 3951 36 506
3951 3952 27 434
3953 3954 50 511
3954 3955 37 510
3955 3956 27 477
3956 3957 35 412
3957 3958 24 366
3958 3959 22 345
3959 3960 34 540
3960 3961 35 505
3961 3962 23 408
3962 3963 40 420
3963 3964 41 609
3964 3965 44 623
3965 3966 28 415
3966 3967 36 365
3967 3968 48 497
3968 3969 30 397
3969 3970 25 344
3970 3971 36 420
